2.952428e+08 9.964164e-04 6.735959e-15 6.837854e-26
2.951467e+08 9.964164e-04 6.771700e-15 7.066650e-26
2.936503e+08 9.964164e-04 7.064137e-15 8.337627e-26
2.921381e+08 9.964164e-04 7.440023e-15 9.930527e-26
2.899626e+08 9.964164e-04 8.422893e-15 1.833334e-25
2.787580e+08 9.964164e-04 1.064438e-14 2.191791e-24
2.760676e+08 9.964164e-04 3.709134e-14 9.303739e-22
2.579832e+08 9.964164e-04 1.424645e-12 3.801488e-19
2.101328e+08 9.964164e-04 6.075246e-11 7.122704e-17
9.452598e+07 9.964164e-04 1.074645e-09 6.306252e-15
2.350022e+07 9.964164e-04 3.968180e-09 5.760842e-14
5.161641e+06 9.964164e-04 7.415111e-09 2.195919e-13
1.193047e+06 9.964164e-04 1.549237e-08 1.057144e-12
2.977184e+08 1.003127e-03 6.722135e-15 6.769611e-26
2.871188e+08 1.003127e-03 7.358057e-15 8.195813e-26
2.866505e+08 1.003127e-03 7.594300e-15 9.731520e-26
2.812942e+08 1.003127e-03 8.284996e-15 1.236865e-25
2.749387e+08 1.003127e-03 9.765811e-15 2.477880e-25
2.675192e+08 1.003127e-03 1.329173e-14 2.426242e-23
2.510913e+08 1.003127e-03 1.117060e-13 1.164684e-20
2.200740e+08 1.003127e-03 5.114162e-12 3.349866e-18
1.346737e+08 1.003127e-03 1.292905e-10 3.458221e-16
3.606381e+07 1.003127e-03 9.119340e-10 9.979682e-15
6.466955e+06 1.003127e-03 2.999765e-09 8.635119e-14
1.112212e+06 1.003127e-03 8.111539e-09 5.170108e-13
2.306348e+05 1.003127e-03 1.987836e-08 1.859271e-12
3.001577e+08 1.020252e-03 6.865112e-15 6.885783e-26
2.951987e+08 1.020252e-03 7.187910e-15 7.885647e-26
2.938999e+08 1.020252e-03 7.498726e-15 9.492680e-26
2.846305e+08 1.020252e-03 9.431051e-15 2.646977e-25
2.775716e+08 1.020252e-03 1.106328e-14 8.516581e-24
2.717172e+08 1.020252e-03 3.389936e-14 3.972273e-21
2.500574e+08 1.020252e-03 9.342426e-13 1.416415e-18
1.551456e+08 1.020252e-03 2.375809e-11 1.810872e-16
3.945479e+07 1.020252e-03 3.138780e-10 7.628424e-15
6.237914e+06 1.020252e-03 2.291360e-09 9.677702e-14
9.949398e+05 1.020252e-03 1.155095e-08 6.990973e-13
2.121475e+05 1.020252e-03 2.888502e-08 1.973851e-12
6.401161e+04 1.020252e-03 5.502319e-08 4.710844e-12
2.927438e+08 9.895292e-04 6.673130e-15 6.729355e-26
2.921374e+08 9.895292e-04 6.794642e-15 7.267943e-26
2.896542e+08 9.895292e-04 7.014098e-15 8.324742e-26
2.814433e+08 9.895292e-04 7.334931e-15 1.046631e-25
2.776989e+08 9.895292e-04 7.640010e-15 1.423557e-25
2.750248e+08 9.895292e-04 1.005638e-14 1.964112e-24
2.675893e+08 9.895292e-04 3.122348e-14 5.890032e-22
2.312172e+08 9.895292e-04 9.526821e-13 2.575681e-19
1.174935e+08 9.895292e-04 3.589794e-11 6.864026e-17
2.663820e+07 9.895292e-04 6.768212e-10 6.443975e-15
4.417659e+06 9.895292e-04 4.537024e-09 1.136336e-13
8.515510e+05 9.895292e-04 2.253144e-08 1.403567e-12
2.144754e+05 9.895292e-04 4.635355e-08 4.122756e-12
2.997931e+08 1.011449e-03 6.771561e-15 6.743549e-26
2.937369e+08 1.011449e-03 7.694617e-15 1.033112e-25
2.822736e+08 1.011449e-03 8.577359e-15 1.336046e-25
2.821587e+08 1.011449e-03 8.890437e-15 4.158387e-25
2.742612e+08 1.011449e-03 2.158960e-14 8.003210e-23
2.655585e+08 1.011449e-03 7.798296e-13 3.712431e-20
2.352428e+08 1.011449e-03 3.947786e-11 1.362561e-17
1.409485e+08 1.011449e-03 6.716123e-10 9.571679e-16
4.323717e+07 1.011449e-03 2.163717e-09 5.535171e-15
9.177621e+06 1.011449e-03 2.886188e-09 8.527920e-15
1.811066e+06 1.011449e-03 3.051692e-09 9.272191e-15
3.665747e+05 1.011449e-03 4.044387e-09 1.944119e-14
7.382052e+04 1.011449e-03 5.131166e-09 3.426585e-14
2.959556e+08 9.939437e-04 6.619769e-15 6.636201e-26
2.920120e+08 9.939437e-04 7.231824e-15 9.022247e-26
2.811350e+08 9.939437e-04 8.302800e-15 1.475349e-25
2.787479e+08 9.939437e-04 1.010742e-14 3.867311e-25
2.720695e+08 9.939437e-04 1.373233e-14 3.343163e-24
2.598915e+08 9.939437e-04 4.757138e-14 1.230854e-21
2.207261e+08 9.939437e-04 1.756538e-12 5.620019e-19
9.871362e+07 9.939437e-04 6.595494e-11 1.416994e-16
2.042598e+07 9.939437e-04 1.151300e-09 1.333995e-14
3.339675e+06 9.939437e-04 7.062875e-09 2.174147e-13
6.631674e+05 9.939437e-04 2.197397e-08 1.186601e-12
1.726554e+05 9.939437e-04 3.587572e-08 2.346400e-12
5.771178e+04 9.939437e-04 6.312859e-08 5.854005e-12
2.975029e+08 1.009737e-03 6.806316e-15 6.865511e-26
2.953470e+08 1.009737e-03 7.204496e-15 8.477545e-26
2.919379e+08 1.009737e-03 7.923245e-15 1.244379e-25
2.904784e+08 1.009737e-03 8.264883e-15 1.501809e-25
2.770577e+08 1.009737e-03 1.010908e-14 1.089979e-24
2.737918e+08 1.009737e-03 1.508876e-14 4.367666e-22
2.678939e+08 1.009737e-03 2.469096e-13 1.856466e-19
2.586939e+08 1.009737e-03 7.507365e-12 3.146849e-17
2.279761e+08 1.009737e-03 1.592661e-10 2.585892e-15
1.331062e+08 1.009737e-03 1.733678e-09 6.215570e-14
3.940081e+07 1.009737e-03 1.206108e-08 8.851837e-13
9.556670e+06 1.009737e-03 3.066408e-08 3.047400e-12
2.748528e+06 1.009737e-03 4.798923e-08 4.934026e-12
2.975766e+08 1.000767e-03 6.793900e-15 6.979014e-26
2.950965e+08 1.000767e-03 7.316744e-15 8.729228e-26
2.919715e+08 1.000767e-03 8.071641e-15 1.205873e-25
2.842257e+08 1.000767e-03 8.916646e-15 1.761968e-25
2.801247e+08 1.000767e-03 9.829475e-15 3.129784e-25
2.771003e+08 1.000767e-03 1.130042e-14 4.208620e-23
2.725159e+08 1.000767e-03 5.387347e-14 1.910768e-20
2.627542e+08 1.000767e-03 1.582369e-12 4.126517e-18
2.304472e+08 1.000767e-03 3.480621e-11 3.406129e-16
1.295640e+08 1.000767e-03 4.656178e-10 8.450011e-15
3.276803e+07 1.000767e-03 2.620221e-09 8.475380e-14
6.029641e+06 1.000767e-03 8.127259e-09 4.147454e-13
1.244925e+06 1.000767e-03 2.286941e-08 1.610262e-12
2.974313e+08 9.956358e-04 6.702624e-15 6.816925e-26
2.968304e+08 9.956358e-04 6.818564e-15 7.325995e-26
2.967211e+08 9.956358e-04 6.853122e-15 7.574074e-26
2.964256e+08 9.956358e-04 6.926408e-15 8.338009e-26
2.869655e+08 9.956358e-04 7.876481e-15 3.708914e-25
2.846390e+08 9.956358e-04 1.376965e-14 9.011345e-23
2.539647e+08 9.956358e-04 3.693086e-13 4.561505e-20
2.355044e+08 9.956358e-04 1.739298e-11 1.508068e-17
1.774412e+08 9.956358e-04 4.876479e-10 2.182896e-15
7.304522e+07 9.956358e-04 3.798697e-09 4.408684e-14
2.022448e+07 9.956358e-04 1.059008e-08 1.679317e-13
5.776121e+06 9.956358e-04 1.848784e-08 4.053613e-13
1.752697e+06 9.956358e-04 2.007625e-08 4.597823e-13
2.957553e+08 1.005800e-03 6.825328e-15 6.908237e-26
2.930117e+08 1.005800e-03 7.142139e-15 7.970398e-26
2.808659e+08 1.005800e-03 7.513724e-15 8.832695e-26
2.807164e+08 1.005800e-03 7.608851e-15 1.058314e-25
2.751197e+08 1.005800e-03 8.681941e-15 3.444049e-24
2.672840e+08 1.005800e-03 1.851206e-14 1.650645e-21
2.590528e+08 1.005800e-03 4.461583e-13 5.662310e-19
2.435928e+08 1.005800e-03 1.164942e-11 7.376545e-17
1.871726e+08 1.005800e-03 1.813310e-10 3.460135e-15
6.992505e+07 1.005800e-03 1.573503e-09 5.811418e-14
1.432123e+07 1.005800e-03 4.762870e-09 3.227758e-13
2.913756e+06 1.005800e-03 1.159601e-08 1.009366e-12
6.740801e+05 1.005800e-03 2.808119e-08 3.444679e-12
2.966071e+08 1.000783e-03 6.725357e-15 6.761457e-26
2.934149e+08 1.000783e-03 7.125452e-15 7.968570e-26
2.889510e+08 1.000783e-03 7.333112e-15 8.646908e-26
2.764951e+08 1.000783e-03 8.292225e-15 1.188527e-25
2.722724e+08 1.000783e-03 8.763013e-15 1.394997e-25
2.661909e+08 1.000783e-03 9.659927e-15 1.879848e-24
2.485328e+08 1.000783e-03 1.955958e-14 8.216896e-22
2.338430e+08 1.000783e-03 3.530121e-13 2.441679e-19
2.120277e+08 1.000783e-03 1.603806e-11 2.999635e-17
1.564087e+08 1.000783e-03 3.701898e-10 1.594997e-15
6.211330e+07 1.000783e-03 2.533566e-09 2.873601e-14
1.689007e+07 1.000783e-03 9.968238e-09 3.179742e-13
4.172646e+06 1.000783e-03 1.177417e-08 4.090853e-13
2.944602e+08 9.927433e-04 6.645328e-15 6.653887e-26
2.941515e+08 9.927433e-04 6.710216e-15 6.966383e-26
2.832639e+08 9.927433e-04 7.135295e-15 8.125228e-26
2.814900e+08 9.927433e-04 7.316114e-15 9.118516e-26
2.790776e+08 9.927433e-04 7.555994e-15 1.293267e-25
2.734079e+08 9.927433e-04 9.686835e-15 6.774700e-24
2.701920e+08 9.927433e-04 1.090281e-13 2.923810e-21
2.483911e+08 9.927433e-04 5.389688e-12 1.095779e-18
1.762512e+08 9.927433e-04 2.082030e-10 2.176045e-16
6.768884e+07 9.927433e-04 1.571120e-09 5.027543e-15
1.689461e+07 9.927433e-04 3.704997e-09 3.874910e-14
3.638289e+06 9.927433e-04 5.681196e-09 1.364038e-13
8.018761e+05 9.927433e-04 9.462549e-09 4.592348e-13
2.969749e+08 9.938338e-04 6.610053e-15 6.617907e-26
2.911816e+08 9.938338e-04 6.855655e-15 7.323847e-26
2.887754e+08 9.938338e-04 7.091189e-15 8.050613e-26
2.860099e+08 9.938338e-04 7.458215e-15 9.614513e-26
2.834479e+08 9.938338e-04 7.625660e-15 1.429092e-25
2.737180e+08 9.938338e-04 8.786319e-15 1.509423e-23
2.725505e+08 9.938338e-04 5.068344e-14 6.737246e-21
2.610298e+08 9.938338e-04 2.111062e-12 1.734977e-18
2.291339e+08 9.938338e-04 7.462895e-11 1.848223e-16
1.320766e+08 9.938338e-04 1.115760e-09 6.245097e-15
4.233015e+07 9.938338e-04 3.947813e-09 3.716072e-14
1.056622e+07 9.938338e-04 6.457894e-09 1.089844e-13
2.537879e+06 9.938338e-04 9.621136e-09 3.082103e-13
2.996681e+08 1.018404e-03 6.905592e-15 6.971923e-26
2.995883e+08 1.018404e-03 6.922491e-15 7.075230e-26
2.973419e+08 1.018404e-03 7.172061e-15 8.099689e-26
2.972443e+08 1.018404e-03 7.198464e-15 8.370616e-26
2.966580e+08 1.018404e-03 7.393814e-15 1.203532e-25
2.929552e+08 1.018404e-03 8.737471e-15 1.022056e-23
2.838205e+08 1.018404e-03 6.965935e-14 5.234360e-21
2.770984e+08 1.018404e-03 3.761617e-12 2.550262e-18
2.399642e+08 1.018404e-03 1.167667e-10 4.184184e-16
1.261616e+08 1.018404e-03 1.845300e-09 2.551078e-14
3.444755e+07 1.018404e-03 1.156182e-08 4.259772e-13
8.427222e+06 1.018404e-03 3.001772e-08 1.851015e-12
2.376486e+06 1.018404e-03 4.984736e-08 3.966115e-12
2.949328e+08 9.852435e-04 6.597634e-15 6.647631e-26
2.903385e+08 9.852435e-04 6.740956e-15 7.349871e-26
2.884283e+08 9.852435e-04 7.115657e-15 9.514410e-26
2.875734e+08 9.852435e-04 7.608218e-15 1.542118e-25
2.810114e+08 9.852435e-04 1.001859e-14 5.465168e-25
2.700802e+08 9.852435e-04 3.132007e-14 3.667968e-23
2.230288e+08 9.852435e-04 5.972832e-13 1.098117e-20
1.042943e+08 9.852435e-04 9.300070e-12 2.814092e-18
2.188875e+07 9.852435e-04 1.718479e-10 4.807974e-16
3.583274e+06 9.852435e-04 1.522070e-09 1.171803e-14
6.660043e+05 9.852435e-04 1.066180e-08 2.157100e-13
1.731415e+05 9.852435e-04 2.126928e-08 6.172660e-13
5.441437e+04 9.852435e-04 3.130830e-08 1.117596e-12
2.953145e+08 1.010813e-03 6.874372e-15 6.957621e-26
2.952441e+08 1.010813e-03 6.878203e-15 6.976792e-26
2.940292e+08 1.010813e-03 7.040767e-15 7.618510e-26
2.892989e+08 1.010813e-03 7.350165e-15 8.691598e-26
2.847422e+08 1.010813e-03 7.672905e-15 1.105394e-25
2.801511e+08 1.010813e-03 9.715006e-15 3.070634e-24
2.729545e+08 1.010813e-03 1.004631e-13 1.298026e-21
2.520231e+08 1.010813e-03 5.397068e-12 5.583956e-19
1.706836e+08 1.010813e-03 1.747766e-10 1.007762e-16
5.600530e+07 1.010813e-03 9.665751e-10 1.439850e-15
1.182948e+07 1.010813e-03 2.570789e-09 2.117304e-14
2.191620e+06 1.010813e-03 6.017167e-09 1.333148e-13
4.431968e+05 1.010813e-03 1.883422e-08 9.153555e-13
2.982422e+08 9.891828e-04 6.634760e-15 6.704317e-26
2.915434e+08 9.891828e-04 7.106499e-15 7.671807e-26
2.896243e+08 9.891828e-04 7.209283e-15 8.026850e-26
2.872951e+08 9.891828e-04 7.508617e-15 9.427662e-26
2.818710e+08 9.891828e-04 8.185663e-15 2.015204e-25
2.713611e+08 9.891828e-04 1.240368e-14 1.992727e-23
2.643120e+08 9.891828e-04 2.299119e-13 8.474476e-21
2.419700e+08 9.891828e-04 1.150590e-11 3.236537e-18
1.552733e+08 9.891828e-04 3.060324e-10 4.570012e-16
4.868743e+07 9.891828e-04 2.499635e-09 1.151774e-14
1.106303e+07 9.891828e-04 5.117278e-09 3.636895e-14
2.489120e+06 9.891828e-04 7.352620e-09 6.915587e-14
6.148696e+05 9.891828e-04 8.213559e-09 9.997740e-14
2.950042e+08 1.003984e-03 6.814409e-15 6.888945e-26
2.919232e+08 1.003984e-03 7.338569e-15 8.621226e-26
2.856994e+08 1.003984e-03 8.232334e-15 1.328169e-25
2.795639e+08 1.003984e-03 9.526792e-15 1.968366e-25
2.785860e+08 1.003984e-03 9.828107e-15 2.387839e-25
2.749964e+08 1.003984e-03 1.189714e-14 3.001014e-24
2.580868e+08 1.003984e-03 5.785086e-14 1.265104e-21
2.447232e+08 1.003984e-03 2.882206e-12 6.291555e-19
1.602910e+08 1.003984e-03 1.262452e-10 1.733661e-16
5.520258e+07 1.003984e-03 1.998501e-09 1.148287e-14
1.319194e+07 1.003984e-03 7.494789e-09 8.478944e-14
3.270863e+06 1.003984e-03 1.170882e-08 1.629186e-13
8.647958e+05 1.003984e-03 1.579416e-08 3.203861e-13
2.992868e+08 1.002895e-03 6.687646e-15 6.701857e-26
2.978059e+08 1.002895e-03 6.837773e-15 7.162605e-26
2.947040e+08 1.002895e-03 7.295575e-15 8.673617e-26
2.927045e+08 1.002895e-03 7.694311e-15 1.062066e-25
2.831267e+08 1.002895e-03 8.286053e-15 1.382115e-25
2.636846e+08 1.002895e-03 9.931748e-15 4.725874e-25
2.437931e+08 1.002895e-03 1.932825e-14 1.166867e-22
2.360968e+08 1.002895e-03 4.792151e-13 5.748458e-20
2.136372e+08 1.002895e-03 2.536583e-11 2.330887e-17
1.411069e+08 1.002895e-03 6.707122e-10 3.096008e-15
5.150451e+07 1.002895e-03 5.881015e-09 8.253973e-14
1.403948e+07 1.002895e-03 1.667048e-08 4.084409e-13
3.929473e+06 1.002895e-03 2.056771e-08 5.609112e-13
2.959130e+08 9.947683e-04 6.704417e-15 6.819056e-26
2.952556e+08 9.947683e-04 6.929239e-15 7.843169e-26
2.896637e+08 9.947683e-04 7.251628e-15 9.251149e-26
2.852044e+08 9.947683e-04 7.825485e-15 1.160059e-25
2.836934e+08 9.947683e-04 8.402524e-15 1.675819e-25
2.804506e+08 9.947683e-04 9.713514e-15 3.516822e-25
2.734043e+08 9.947683e-04 1.374912e-14 2.905050e-23
2.635518e+08 9.947683e-04 1.414447e-13 1.400604e-20
2.390730e+08 9.947683e-04 6.931607e-12 5.513160e-18
1.568078e+08 9.947683e-04 1.937066e-10 7.531263e-16
4.602504e+07 9.947683e-04 2.567562e-09 4.228427e-14
9.235431e+06 9.947683e-04 1.124790e-08 4.456174e-13
2.043115e+06 9.947683e-04 2.574310e-08 1.562546e-12
2.982541e+08 9.943853e-04 6.585417e-15 6.594776e-26
2.981798e+08 9.943853e-04 6.598764e-15 6.700101e-26
2.962545e+08 9.943853e-04 6.636700e-15 6.948011e-26
2.837526e+08 9.943853e-04 7.067457e-15 8.117415e-26
2.773898e+08 9.943853e-04 7.476740e-15 1.372742e-25
2.763874e+08 9.943853e-04 8.272547e-15 1.427192e-23
2.722724e+08 9.943853e-04 4.696840e-14 6.938090e-21
2.666515e+08 9.943853e-04 1.758805e-12 2.095781e-18
2.349551e+08 9.943853e-04 4.521707e-11 2.358219e-16
1.281685e+08 9.943853e-04 5.830158e-10 9.573578e-15
3.130134e+07 9.943853e-04 2.910346e-09 1.255014e-13
5.672022e+06 9.943853e-04 1.042808e-08 8.874565e-13
1.183775e+06 9.943853e-04 2.448439e-08 3.156058e-12
2.951307e+08 9.936315e-04 6.736297e-15 6.842461e-26
2.942761e+08 9.936315e-04 6.892014e-15 7.590528e-26
2.929507e+08 9.936315e-04 7.112338e-15 8.868203e-26
2.890809e+08 9.936315e-04 7.834007e-15 1.488348e-25
2.816415e+08 9.936315e-04 9.931486e-15 4.396326e-25
2.735685e+08 9.936315e-04 1.513204e-14 2.887734e-24
2.569357e+08 9.936315e-04 9.933399e-14 2.951968e-22
1.951323e+08 9.936315e-04 2.769037e-12 7.515911e-20
6.928766e+07 9.936315e-04 4.142193e-11 1.887549e-17
1.244698e+07 9.936315e-04 4.186401e-10 1.668168e-15
1.947055e+06 9.936315e-04 3.426101e-09 4.875584e-14
3.626561e+05 9.936315e-04 1.355918e-08 3.969903e-13
9.555457e+04 9.936315e-04 3.094686e-08 1.365137e-12
3.001738e+08 1.016334e-03 6.850104e-15 6.902754e-26
2.958502e+08 1.016334e-03 7.814528e-15 1.020767e-25
2.825077e+08 1.016334e-03 8.955597e-15 1.459404e-25
2.821393e+08 1.016334e-03 9.087536e-15 1.717218e-25
2.732417e+08 1.016334e-03 1.020603e-14 6.325667e-25
2.584386e+08 1.016334e-03 5.155989e-14 1.371731e-22
2.313518e+08 1.016334e-03 2.037909e-12 4.887215e-20
1.283839e+08 1.016334e-03 4.756330e-11 6.656574e-18
2.842300e+07 1.016334e-03 4.117660e-10 2.673639e-16
4.567186e+06 1.016334e-03 1.512512e-09 3.738370e-15
8.337128e+05 1.016334e-03 4.078545e-09 1.978716e-14
1.759632e+05 1.016334e-03 6.753647e-09 5.429839e-14
4.012362e+04 1.016334e-03 7.568842e-09 6.882489e-14
2.961272e+08 9.886590e-04 6.641138e-15 6.754809e-26
2.946703e+08 9.886590e-04 6.972952e-15 8.006863e-26
2.943819e+08 9.886590e-04 7.072127e-15 8.736168e-26
2.918117e+08 9.886590e-04 7.776526e-15 1.243947e-25
2.830239e+08 9.886590e-04 8.597826e-15 1.806511e-25
2.800618e+08 9.886590e-04 9.737297e-15 6.566319e-25
2.764216e+08 9.886590e-04 1.810635e-14 1.342731e-22
2.587054e+08 9.886590e-04 3.213048e-13 5.497344e-20
1.740652e+08 9.886590e-04 1.540553e-11 1.320508e-17
5.083349e+07 9.886590e-04 3.203489e-10 1.200476e-15
8.929333e+06 9.886590e-04 2.242004e-09 2.795922e-14
1.829757e+06 9.886590e-04 9.583158e-09 3.240042e-13
4.419642e+05 9.886590e-04 1.261450e-08 5.831804e-13
2.977301e+08 9.859733e-04 6.567647e-15 6.663753e-26
2.947537e+08 9.859733e-04 6.778662e-15 7.328671e-26
2.944760e+08 9.859733e-04 6.829348e-15 7.599627e-26
2.899424e+08 9.859733e-04 7.388405e-15 1.005231e-25
2.609789e+08 9.859733e-04 1.017599e-14 3.221243e-25
2.543152e+08 9.859733e-04 2.071403e-14 4.624404e-23
2.470971e+08 9.859733e-04 6.466761e-13 2.292918e-20
2.160628e+08 9.859733e-04 2.893355e-11 7.025086e-18
1.190760e+08 9.859733e-04 4.683133e-10 4.656052e-16
3.273026e+07 9.859733e-04 1.380220e-09 2.463303e-15
6.554324e+06 9.859733e-04 1.978242e-09 5.943310e-15
1.221626e+06 9.859733e-04 2.291003e-09 1.623180e-14
2.442453e+05 9.859733e-04 3.193001e-09 5.563038e-14
2.983031e+08 1.019001e-03 6.934002e-15 6.985771e-26
2.925696e+08 1.019001e-03 7.484973e-15 9.299965e-26
2.870273e+08 1.019001e-03 8.475874e-15 1.314517e-25
2.771653e+08 1.019001e-03 9.869675e-15 2.064399e-25
2.684672e+08 1.019001e-03 1.636853e-14 9.716526e-25
2.588977e+08 1.019001e-03 3.025604e-14 4.786582e-24
2.267635e+08 1.019001e-03 1.266317e-13 5.595422e-22
1.199933e+08 1.019001e-03 3.195493e-12 3.761007e-19
2.799930e+07 1.019001e-03 1.575876e-10 2.675096e-16
4.473657e+06 1.019001e-03 3.375932e-09 3.650937e-14
8.077787e+05 1.019001e-03 1.159851e-08 2.446895e-13
1.975642e+05 1.019001e-03 2.252936e-08 6.669796e-13
5.950001e+04 1.019001e-03 3.378061e-08 1.503095e-12
2.937258e+08 9.795206e-04 6.583759e-15 6.656729e-26
2.927016e+08 9.795206e-04 6.688643e-15 7.187920e-26
2.919960e+08 9.795206e-04 6.820952e-15 8.085781e-26
2.917062e+08 9.795206e-04 7.000433e-15 9.723880e-26
2.905898e+08 9.795206e-04 7.512948e-15 1.731737e-25
2.883434e+08 9.795206e-04 1.187382e-14 3.204650e-24
2.672758e+08 9.795206e-04 1.295656e-13 6.691049e-22
2.029405e+08 9.795206e-04 4.260536e-12 1.704155e-19
7.397202e+07 9.795206e-04 5.861524e-11 1.820621e-17
1.315245e+07 9.795206e-04 3.981290e-10 1.060206e-15
2.101851e+06 9.795206e-04 1.495748e-09 1.457459e-14
4.067319e+05 9.795206e-04 1.003920e-08 1.933033e-13
1.058680e+05 9.795206e-04 1.667777e-08 4.076422e-13
2.982508e+08 1.001998e-03 6.752081e-15 6.848252e-26
2.979295e+08 1.001998e-03 6.875447e-15 7.433076e-26
2.845575e+08 1.001998e-03 7.380195e-15 8.864801e-26
2.784930e+08 1.001998e-03 8.071709e-15 1.156905e-25
2.776365e+08 1.001998e-03 8.476131e-15 1.624956e-25
2.763240e+08 1.001998e-03 1.027995e-14 3.168777e-24
2.736660e+08 1.001998e-03 7.305914e-14 9.998742e-22
2.609923e+08 1.001998e-03 3.859722e-12 4.634906e-19
2.061944e+08 1.001998e-03 1.412301e-10 1.017911e-16
9.433635e+07 1.001998e-03 1.475479e-09 5.452603e-15
2.482458e+07 1.001998e-03 4.509780e-09 5.785922e-14
5.816367e+06 1.001998e-03 1.225435e-08 3.160958e-13
1.581725e+06 1.001998e-03 3.180411e-08 1.609791e-12
2.916878e+08 9.770346e-04 6.587406e-15 6.682724e-26
2.864829e+08 9.770346e-04 7.113787e-15 8.281203e-26
2.848466e+08 9.770346e-04 7.482665e-15 9.622747e-26
2.750571e+08 9.770346e-04 8.005716e-15 1.154721e-25
2.715721e+08 9.770346e-04 8.480106e-15 1.517955e-25
2.618372e+08 9.770346e-04 9.848958e-15 7.075109e-25
2.460127e+08 9.770346e-04 2.373020e-14 1.823099e-22
2.393226e+08 9.770346e-04 6.486827e-13 8.117635e-20
2.147502e+08 9.770346e-04 3.321623e-11 3.178375e-17
1.314984e+08 9.770346e-04 7.381292e-10 3.286656e-15
4.345076e+07 9.770346e-04 5.985508e-09 8.073782e-14
1.154814e+07 9.770346e-04 1.394936e-08 2.835569e-13
3.261005e+06 9.770346e-04 2.012752e-08 4.945413e-13
2.996062e+08 1.015371e-03 6.751063e-15 6.781301e-26
2.912833e+08 1.015371e-03 7.192327e-15 8.357541e-26
2.906162e+08 1.015371e-03 7.497320e-15 1.018396e-25
2.873435e+08 1.015371e-03 7.570399e-15 1.064409e-25
2.845519e+08 1.015371e-03 7.983214e-15 2.219459e-25
2.678687e+08 1.015371e-03 9.686591e-15 4.361728e-23
2.572338e+08 1.015371e-03 5.082781e-14 2.006257e-20
2.445968e+08 1.015371e-03 1.733167e-12 3.950955e-18
2.013619e+08 1.015371e-03 5.095548e-11 3.107757e-16
9.984881e+07 1.015371e-03 8.651970e-10 1.033905e-14
2.444032e+07 1.015371e-03 4.186931e-09 1.194416e-13
5.206446e+06 1.015371e-03 1.065313e-08 5.861154e-13
1.157223e+06 1.015371e-03 1.990703e-08 1.340602e-12
2.987003e+08 1.009925e-03 6.812683e-15 6.883458e-26
2.944613e+08 1.009925e-03 6.878624e-15 7.112243e-26
2.922183e+08 1.009925e-03 7.040281e-15 7.712295e-26
2.907122e+08 1.009925e-03 7.110731e-15 8.643728e-26
2.854881e+08 1.009925e-03 7.800186e-15 9.046648e-25
2.845505e+08 1.009925e-03 2.150972e-14 3.291863e-22
2.759727e+08 1.009925e-03 8.401449e-13 1.573740e-19
2.551209e+08 1.009925e-03 3.857126e-11 4.931556e-17
1.947150e+08 1.009925e-03 7.419621e-10 4.068748e-15
9.108800e+07 1.009925e-03 5.138505e-09 7.186815e-14
2.680478e+07 1.009925e-03 1.175441e-08 2.507409e-13
7.579523e+06 1.009925e-03 2.207738e-08 6.758265e-13
2.295815e+06 1.009925e-03 3.542009e-08 1.414202e-12
2.971141e+08 9.948105e-04 6.641583e-15 6.688108e-26
2.905492e+08 9.948105e-04 7.177368e-15 8.441422e-26
2.872041e+08 9.948105e-04 7.401618e-15 9.223989e-26
2.794167e+08 9.948105e-04 7.920740e-15 1.148798e-25
2.734962e+08 9.948105e-04 9.867000e-15 1.896112e-24
2.719129e+08 9.948105e-04 3.708899e-14 8.657385e-22
2.586446e+08 9.948105e-04 1.680876e-12 4.126006e-19
2.405435e+08 9.948105e-04 6.691674e-11 1.046658e-16
1.785582e+08 9.948105e-04 1.174723e-09 7.667780e-15
8.531623e+07 9.948105e-04 8.729770e-09 1.555696e-13
2.972085e+07 9.948105e-04 1.828995e-08 4.693048e-13
9.554579e+06 9.948105e-04 2.603400e-08 7.954256e-13
3.270697e+06 9.948105e-04 3.230609e-08 1.108042e-12
2.912988e+08 9.757761e-04 6.575316e-15 6.687259e-26
2.858305e+08 9.757761e-04 7.074431e-15 8.323747e-26
2.756049e+08 9.757761e-04 7.407826e-15 9.269244e-26
2.668739e+08 9.757761e-04 8.562446e-15 1.355870e-25
2.606286e+08 9.757761e-04 9.370578e-15 1.863673e-25
2.519442e+08 9.757761e-04 1.067685e-14 1.212664e-24
2.441411e+08 9.757761e-04 2.199655e-14 4.017451e-22
2.313743e+08 9.757761e-04 4.526873e-13 1.387831e-19
1.826753e+08 9.757761e-04 1.879557e-11 2.854087e-17
7.160405e+07 9.757761e-04 6.196323e-10 3.119683e-15
1.601455e+07 9.757761e-04 4.410090e-09 6.818632e-14
3.874239e+06 9.757761e-04 1.399544e-08 3.993869e-13
1.145157e+06 9.757761e-04 3.025133e-08 1.777324e-12
2.958251e+08 9.952845e-04 6.677214e-15 6.703243e-26
2.950707e+08 9.952845e-04 6.857354e-15 7.748153e-26
2.936548e+08 9.952845e-04 7.174660e-15 9.962712e-26
2.927474e+08 9.952845e-04 7.512751e-15 1.360881e-25
2.894320e+08 9.952845e-04 8.032368e-15 1.986628e-25
2.792465e+08 9.952845e-04 1.062347e-14 1.316641e-24
2.735394e+08 9.952845e-04 2.332176e-14 3.537563e-22
2.258692e+08 9.952845e-04 3.840497e-13 1.205614e-19
1.222250e+08 9.952845e-04 8.717825e-12 1.728885e-17
2.772620e+07 9.952845e-04 2.058507e-10 1.310914e-15
4.486866e+06 9.952845e-04 2.307989e-09 2.902051e-14
8.286621e+05 9.952845e-04 9.561472e-09 1.894423e-13
2.061797e+05 9.952845e-04 1.752130e-08 4.714172e-13
2.978371e+08 1.006277e-03 6.724412e-15 6.704833e-26
2.785716e+08 1.006277e-03 7.457662e-15 8.595202e-26
2.782254e+08 1.006277e-03 7.575711e-15 9.458401e-26
2.734328e+08 1.006277e-03 8.068111e-15 1.114937e-25
2.727231e+08 1.006277e-03 8.699904e-15 2.475158e-25
2.685045e+08 1.006277e-03 1.250930e-14 1.970472e-23
2.484290e+08 1.006277e-03 1.720289e-13 1.029231e-20
2.201142e+08 1.006277e-03 8.895510e-12 4.458614e-18
1.224910e+08 1.006277e-03 2.817927e-10 7.696010e-16
3.210522e+07 1.006277e-03 2.799747e-09 2.318711e-14
7.001201e+06 1.006277e-03 1.179810e-08 2.206919e-13
1.815748e+06 1.006277e-03 2.090516e-08 5.397598e-13
5.293812e+05 1.006277e-03 2.392590e-08 6.726099e-13
2.981923e+08 1.005613e-03 6.766376e-15 6.847013e-26
2.936717e+08 1.005613e-03 7.116953e-15 7.757300e-26
2.911846e+08 1.005613e-03 7.900452e-15 1.129984e-25
2.817724e+08 1.005613e-03 8.596483e-15 1.469977e-25
2.793223e+08 1.005613e-03 9.241132e-15 2.327127e-25
2.723506e+08 1.005613e-03 1.285967e-14 8.932643e-24
2.653067e+08 1.005613e-03 1.610099e-13 3.773750e-21
2.391617e+08 1.005613e-03 8.946784e-12 1.792479e-18
1.575493e+08 1.005613e-03 2.993090e-10 3.726475e-16
5.344048e+07 1.005613e-03 2.264370e-09 7.687198e-15
1.281339e+07 1.005613e-03 5.380394e-09 3.721945e-14
3.002532e+06 1.005613e-03 6.151180e-09 4.537194e-14
7.074439e+05 1.005613e-03 1.221062e-08 2.137235e-13
2.956760e+08 1.001882e-03 6.781058e-15 6.888152e-26
2.921209e+08 1.001882e-03 7.473207e-15 9.018538e-26
2.865441e+08 1.001882e-03 8.655766e-15 1.349929e-25
2.860011e+08 1.001882e-03 8.767847e-15 1.430323e-25
2.819006e+08 1.001882e-03 9.100600e-15 1.643922e-25
2.729817e+08 1.001882e-03 9.676523e-15 5.422668e-25
2.691842e+08 1.001882e-03 1.380003e-14 1.514822e-22
2.637917e+08 1.001882e-03 1.715903e-13 5.824848e-20
2.323677e+08 1.001882e-03 7.305481e-12 8.646835e-18
1.286826e+08 1.001882e-03 2.166834e-10 6.326169e-16
3.082462e+07 1.001882e-03 1.192141e-09 8.795634e-15
5.417976e+06 1.001882e-03 4.884393e-09 9.276408e-14
1.146877e+06 1.001882e-03 1.035653e-08 2.328623e-13
2.964637e+08 1.004133e-03 6.812867e-15 6.939673e-26
2.964162e+08 1.004133e-03 6.821178e-15 7.009564e-26
2.936459e+08 1.004133e-03 6.867555e-15 7.260155e-26
2.923061e+08 1.004133e-03 7.180179e-15 8.577266e-26
2.777234e+08 1.004133e-03 8.615645e-15 1.355867e-25
2.772622e+08 1.004133e-03 8.957096e-15 9.807902e-25
2.742605e+08 1.004133e-03 2.274084e-14 3.987580e-22
2.598964e+08 1.004133e-03 8.388907e-13 1.540593e-19
2.078571e+08 1.004133e-03 3.125771e-11 2.294067e-17
8.369502e+07 1.004133e-03 6.085848e-10 2.296342e-15
1.675511e+07 1.004133e-03 3.020010e-09 3.330877e-14
3.140056e+06 1.004133e-03 9.823289e-09 1.905626e-13
7.398816e+05 1.004133e-03 1.945915e-08 5.224180e-13
2.941467e+08 9.918932e-04 6.713624e-15 6.791272e-26
2.925886e+08 9.918932e-04 6.879470e-15 7.545146e-26
2.835455e+08 9.918932e-04 7.874231e-15 1.123404e-25
2.829799e+08 9.918932e-04 8.177309e-15 1.384232e-25
2.742997e+08 9.918932e-04 8.916756e-15 1.786877e-25
2.662279e+08 9.918932e-04 1.371937e-14 3.060817e-24
2.603981e+08 9.918932e-04 4.480433e-14 1.187067e-21
2.467229e+08 9.918932e-04 1.763963e-12 4.324442e-19
1.714456e+08 9.918932e-04 7.449200e-11 7.974318e-17
5.767706e+07 9.918932e-04 1.353244e-09 5.951726e-15
1.315450e+07 9.918932e-04 6.632164e-09 7.999982e-14
3.108857e+06 9.918932e-04 9.259161e-09 1.381184e-13
7.495470e+05 9.918932e-04 1.049044e-08 2.042638e-13
2.938167e+08 9.993766e-04 6.763039e-15 6.829273e-26
2.936049e+08 9.993766e-04 6.796835e-15 7.004954e-26
2.916987e+08 9.993766e-04 7.156694e-15 8.613290e-26
2.832806e+08 9.993766e-04 7.534494e-15 1.009087e-25
2.766439e+08 9.993766e-04 8.831493e-15 1.832161e-25
2.713340e+08 9.993766e-04 1.123816e-14 1.071404e-24
2.596881e+08 9.993766e-04 3.625230e-14 2.465208e-22
2.446808e+08 9.993766e-04 1.362202e-12 1.078797e-19
1.760656e+08 9.993766e-04 1.239661e-10 1.167153e-16
6.733676e+07 9.993766e-04 1.495655e-09 5.252790e-15
1.551614e+07 9.993766e-04 5.655840e-09 4.058424e-14
3.707759e+06 9.993766e-04 8.558026e-09 8.419831e-14
9.051809e+05 9.993766e-04 9.547972e-09 1.005607e-13
2.978721e+08 1.006310e-03 6.755462e-15 6.747597e-26
2.948494e+08 1.006310e-03 7.093709e-15 7.924305e-26
2.923549e+08 1.006310e-03 7.668826e-15 1.038454e-25
2.921849e+08 1.006310e-03 7.741312e-15 1.125424e-25
2.859122e+08 1.006310e-03 1.022863e-14 3.305630e-25
2.820033e+08 1.006310e-03 1.574759e-14 1.453505e-23
2.735955e+08 1.006310e-03 2.771231e-13 6.450103e-21
2.344344e+08 1.006310e-03 1.404204e-11 2.535017e-18
1.254604e+08 1.006310e-03 4.462152e-10 5.389219e-16
3.164719e+07 1.006310e-03 2.216440e-09 7.289414e-15
6.512641e+06 1.006310e-03 3.223518e-09 1.223272e-14
1.327082e+06 1.006310e-03 6.438415e-09 5.037637e-14
3.480980e+05 1.006310e-03 1.583225e-08 2.803358e-13
2.950848e+08 9.975123e-04 6.779210e-15 6.944382e-26
2.909315e+08 9.975123e-04 7.220455e-15 8.675643e-26
2.900891e+08 9.975123e-04 7.271790e-15 8.884816e-26
2.894796e+08 9.975123e-04 7.475324e-15 1.024634e-25
2.859792e+08 9.975123e-04 8.345939e-15 1.943361e-25
2.803454e+08 9.975123e-04 1.113082e-14 1.137789e-23
2.726122e+08 9.975123e-04 9.524253e-14 5.200913e-21
2.381525e+08 9.975123e-04 4.413161e-12 1.977948e-18
1.540021e+08 9.975123e-04 1.672197e-10 4.699553e-16
4.591013e+07 9.975123e-04 2.177700e-09 2.548533e-14
9.016777e+06 9.975123e-04 8.830737e-09 2.264596e-13
1.926818e+06 9.975123e-04 2.220621e-08 9.288679e-13
5.188903e+05 9.975123e-04 3.371751e-08 1.733780e-12
2.954093e+08 9.986380e-04 6.769815e-15 6.849503e-26
2.889873e+08 9.986380e-04 6.819542e-15 6.965679e-26
2.710156e+08 9.986380e-04 8.693250e-15 1.191370e-25
2.645468e+08 9.986380e-04 9.690290e-15 1.598107e-25
2.592947e+08 9.986380e-04 1.156941e-14 3.811281e-25
2.439823e+08 9.986380e-04 2.090430e-14 4.771731e-23
2.297668e+08 9.986380e-04 5.657972e-13 2.354134e-20
2.055572e+08 9.986380e-04 2.878098e-11 8.831908e-18
1.300248e+08 9.986380e-04 5.510944e-10 7.459330e-16
4.356696e+07 9.986380e-04 2.034756e-09 5.244516e-15
9.682488e+06 9.986380e-04 2.866841e-09 8.748002e-15
1.979740e+06 9.986380e-04 3.587195e-09 2.514253e-14
4.074832e+05 9.986380e-04 6.528657e-09 2.396349e-13
2.974292e+08 1.014127e-03 6.871548e-15 6.969654e-26
2.971171e+08 1.014127e-03 6.944347e-15 7.381884e-26
2.960474e+08 1.014127e-03 7.085452e-15 8.155170e-26
2.945279e+08 1.014127e-03 7.546924e-15 1.259654e-25
2.869105e+08 1.014127e-03 8.757326e-15 4.936126e-25
2.826840e+08 1.014127e-03 2.426323e-14 7.764074e-23
2.697640e+08 1.014127e-03 7.730281e-13 3.389426e-20
2.051898e+08 1.014127e-03 3.904865e-11 1.226822e-17
7.425073e+07 1.014127e-03 6.546878e-10 8.732498e-16
1.538613e+07 1.014127e-03 2.205347e-09 8.470613e-15
2.994229e+06 1.014127e-03 3.050732e-09 2.519004e-14
5.748501e+05 1.014127e-03 4.741636e-09 1.630409e-13
1.170895e+05 1.014127e-03 8.599011e-09 5.484452e-13
2.957578e+08 9.920375e-04 6.715369e-15 6.861802e-26
2.950628e+08 9.920375e-04 6.827299e-15 7.383460e-26
2.727705e+08 9.920375e-04 7.244880e-15 8.233050e-26
2.629066e+08 9.920375e-04 7.583530e-15 1.083642e-25
2.622937e+08 9.920375e-04 8.291690e-15 5.990523e-25
2.601994e+08 9.920375e-04 2.431183e-14 9.075336e-23
2.463221e+08 9.920375e-04 8.979149e-13 3.931009e-20
2.057852e+08 9.920375e-04 3.699525e-11 1.060188e-17
9.300835e+07 9.920375e-04 5.503924e-10 6.245738e-16
2.236485e+07 9.920375e-04 1.991317e-09 5.441831e-15
4.540836e+06 9.920375e-04 2.958398e-09 1.402144e-14
9.191517e+05 9.920375e-04 5.166841e-09 6.559538e-14
1.960809e+05 9.920375e-04 9.441741e-09 2.341425e-13
2.980527e+08 1.002828e-03 6.795627e-15 6.941257e-26
2.916409e+08 1.002828e-03 7.418553e-15 8.547826e-26
2.916099e+08 1.002828e-03 7.425335e-15 8.598367e-26
2.902718e+08 1.002828e-03 7.819884e-15 1.079550e-25
2.828373e+08 1.002828e-03 8.506131e-15 1.662592e-25
2.700335e+08 1.002828e-03 9.407084e-15 1.447890e-23
2.675068e+08 1.002828e-03 3.381346e-14 6.471844e-21
2.552868e+08 1.002828e-03 1.155830e-12 1.393808e-18
2.184413e+08 1.002828e-03 4.189193e-11 1.340755e-16
1.220025e+08 1.002828e-03 1.506610e-09 8.673675e-15
3.905781e+07 1.002828e-03 4.204932e-09 3.806856e-14
9.788195e+06 1.002828e-03 6.536674e-09 6.973492e-14
2.305754e+06 1.002828e-03 8.523371e-09 1.605537e-13
2.958373e+08 9.896358e-04 6.632783e-15 6.723523e-26
2.850244e+08 9.896358e-04 6.977067e-15 7.523886e-26
2.821192e+08 9.896358e-04 7.520573e-15 1.044051e-25
2.767144e+08 9.896358e-04 8.568807e-15 2.094045e-25
2.690456e+08 9.896358e-04 1.400803e-14 4.971290e-24
2.564107e+08 9.896358e-04 2.777918e-13 2.029640e-21
2.032702e+08 9.896358e-04 1.031587e-11 4.864796e-19
8.141789e+07 9.896358e-04 1.081666e-10 1.939862e-17
1.489695e+07 9.896358e-04 6.645490e-10 1.591557e-15
2.409261e+06 9.896358e-04 3.015364e-09 2.093499e-14
4.860343e+05 9.896358e-04 9.350163e-09 1.246149e-13
1.233723e+05 9.896358e-04 1.436869e-08 2.459071e-13
3.503588e+04 9.896358e-04 1.676723e-08 3.168924e-13
2.968263e+08 9.988010e-04 6.693748e-15 6.692120e-26
2.962220e+08 9.988010e-04 6.785396e-15 7.136604e-26
2.948971e+08 9.988010e-04 7.298017e-15 9.599279e-26
2.914030e+08 9.988010e-04 8.098070e-15 1.370449e-25
2.886379e+08 9.988010e-04 8.837851e-15 1.925677e-25
2.845333e+08 9.988010e-04 9.823632e-15 4.127626e-25
2.762326e+08 9.988010e-04 1.822927e-14 4.863087e-23
2.597867e+08 9.988010e-04 3.744485e-13 2.326889e-20
1.976941e+08 9.988010e-04 1.480804e-11 1.019738e-17
7.170588e+07 9.988010e-04 2.665025e-10 7.764710e-16
1.304507e+07 9.988010e-04 1.496453e-09 2.016730e-14
2.251403e+06 9.988010e-04 6.313835e-09 2.174629e-13
4.626278e+05 9.988010e-04 1.865871e-08 1.409144e-12
2.965621e+08 9.992866e-04 6.705249e-15 6.751514e-26
2.960136e+08 9.992866e-04 6.831918e-15 7.420963e-26
2.887695e+08 9.992866e-04 7.199174e-15 8.820855e-26
2.858096e+08 9.992866e-04 7.492679e-15 1.032081e-25
2.843747e+08 9.992866e-04 8.358134e-15 2.078474e-25
2.834961e+08 9.992866e-04 1.010172e-14 2.309841e-23
2.725494e+08 9.992866e-04 7.945296e-14 1.069406e-20
2.448732e+08 9.992866e-04 3.068101e-12 3.432126e-18
1.410492e+08 9.992866e-04 7.517351e-11 3.995817e-16
3.591767e+07 9.992866e-04 1.141762e-09 2.295067e-14
6.458441e+06 9.992866e-04 5.062453e-09 2.029343e-13
1.308216e+06 9.992866e-04 1.096747e-08 6.508024e-13
3.199729e+05 9.992866e-04 2.793525e-08 3.088770e-12
2.937636e+08 9.909271e-04 6.724940e-15 6.849077e-26
2.895287e+08 9.909271e-04 7.404665e-15 9.019700e-26
2.887134e+08 9.909271e-04 7.572165e-15 1.028717e-25
2.807672e+08 9.909271e-04 8.676473e-15 1.545271e-25
2.795348e+08 9.909271e-04 9.135276e-15 3.520417e-25
2.739616e+08 9.909271e-04 1.293934e-14 5.774712e-23
2.700690e+08 9.909271e-04 2.233846e-13 2.561885e-20
2.442394e+08 9.909271e-04 1.080448e-11 8.593941e-18
1.473598e+08 9.909271e-04 2.623944e-10 8.369531e-16
4.050255e+07 9.909271e-04 2.151642e-09 2.837334e-14
7.771231e+06 9.909271e-04 6.325991e-09 1.862068e-13
1.588464e+06 9.909271e-04 1.930240e-08 1.063998e-12
3.834013e+05 9.909271e-04 3.883816e-08 3.076194e-12
