2.968473e+08 1.000595e-03 6.746098e-15 6.818600e-26
2.946372e+08 1.000595e-03 6.868476e-15 7.272487e-26
2.888342e+08 1.000595e-03 7.255719e-15 8.846868e-26
2.836415e+08 1.000595e-03 7.795572e-15 1.290339e-25
2.772074e+08 1.000595e-03 9.063234e-15 5.943602e-25
2.661773e+08 1.000595e-03 4.080118e-14 1.487739e-22
2.473952e+08 1.000595e-03 1.561321e-12 6.167914e-20
1.623483e+08 1.000595e-03 4.866542e-11 1.952768e-17
4.718085e+07 1.000595e-03 4.598337e-10 2.726292e-15
7.928405e+06 1.000595e-03 2.253567e-09 5.126515e-14
1.380477e+06 1.000595e-03 1.038402e-08 4.821547e-13
3.132831e+05 1.000595e-03 2.451342e-08 1.711458e-12
8.869635e+04 1.000595e-03 3.354494e-08 2.703691e-12
2.964769e+08 9.990988e-04 6.737674e-15 6.810898e-26
2.903015e+08 9.990988e-04 7.155178e-15 8.126062e-26
2.821209e+08 9.990988e-04 7.847878e-15 1.038486e-25
2.766734e+08 9.990988e-04 8.503946e-15 1.356920e-25
2.738217e+08 9.990988e-04 9.452320e-15 6.684702e-25
2.650841e+08 9.990988e-04 3.564036e-14 1.826737e-22
2.510425e+08 9.990988e-04 1.423597e-12 7.522367e-20
1.939090e+08 9.990988e-04 6.253679e-11 2.123370e-17
7.841621e+07 9.990988e-04 7.597137e-10 1.351724e-15
1.763055e+07 9.990988e-04 2.044796e-09 8.594762e-15
3.439723e+06 9.990988e-04 3.806436e-09 4.211129e-14
7.104721e+05 9.990988e-04 9.405250e-09 2.629124e-13
1.717944e+05 9.990988e-04 2.133200e-08 9.598595e-13
2.967393e+08 1.001208e-03 6.750063e-15 6.822846e-26
2.942186e+08 1.001208e-03 6.968186e-15 7.639585e-26
2.900259e+08 1.001208e-03 7.345654e-15 9.830879e-26
2.838939e+08 1.001208e-03 7.939409e-15 1.383485e-25
2.803942e+08 1.001208e-03 8.835631e-15 4.174133e-25
2.756161e+08 1.001208e-03 2.046670e-14 2.820035e-23
2.580999e+08 1.001208e-03 5.886779e-13 1.092298e-20
1.884022e+08 1.001208e-03 2.356143e-11 4.304002e-18
6.173532e+07 1.001208e-03 2.965848e-10 3.906974e-16
1.169354e+07 1.001208e-03 2.226665e-09 1.436183e-14
2.393200e+06 1.001208e-03 7.628079e-09 1.161432e-13
5.796807e+05 1.001208e-03 1.532130e-08 4.100680e-13
1.622063e+05 1.001208e-03 2.625490e-08 1.343233e-12
2.965960e+08 9.995038e-04 6.730150e-15 6.795551e-26
2.918124e+08 9.995038e-04 7.075031e-15 7.911290e-26
2.881359e+08 9.995038e-04 7.308520e-15 8.740488e-26
2.830634e+08 9.995038e-04 7.893336e-15 1.159370e-25
2.781215e+08 9.995038e-04 8.647934e-15 2.349168e-25
2.705505e+08 9.995038e-04 1.335106e-14 2.972641e-23
2.611623e+08 9.995038e-04 2.113819e-13 1.364673e-20
2.318292e+08 9.995038e-04 1.106089e-11 5.264976e-18
1.338892e+08 9.995038e-04 3.219391e-10 7.105370e-16
3.696816e+07 9.995038e-04 3.397516e-09 2.266582e-14
8.589305e+06 9.995038e-04 9.123880e-09 1.268419e-13
2.140907e+06 9.995038e-04 1.268400e-08 2.508100e-13
5.685241e+05 9.995038e-04 1.585282e-08 4.083182e-13
2.966789e+08 9.996047e-04 6.738011e-15 6.815748e-26
2.921820e+08 9.996047e-04 6.956310e-15 7.487415e-26
2.901772e+08 9.996047e-04 7.246744e-15 8.616628e-26
2.884673e+08 9.996047e-04 7.548277e-15 1.082320e-25
2.813376e+08 9.996047e-04 8.141263e-15 2.806270e-25
2.711686e+08 9.996047e-04 1.062712e-14 6.360105e-23
2.578710e+08 9.996047e-04 7.390944e-14 2.148593e-20
2.297876e+08 9.996047e-04 3.053851e-12 3.258895e-18
1.338374e+08 9.996047e-04 9.606644e-11 2.767167e-16
3.486628e+07 9.996047e-04 1.578870e-09 1.250396e-14
6.873318e+06 9.996047e-04 9.801415e-09 1.955544e-13
1.661530e+06 9.996047e-04 2.046316e-08 6.272900e-13
4.841842e+05 9.996047e-04 2.868693e-08 1.060747e-12
2.965130e+08 9.984491e-04 6.729417e-15 6.807697e-26
2.895261e+08 9.984491e-04 7.591265e-15 9.726060e-26
2.856005e+08 9.984491e-04 7.878109e-15 1.148195e-25
2.740248e+08 9.984491e-04 9.015991e-15 1.783760e-25
2.677397e+08 9.984491e-04 1.013001e-14 2.829750e-25
2.599586e+08 9.984491e-04 1.366703e-14 1.162077e-23
2.486162e+08 9.984491e-04 1.164215e-13 5.994591e-21
1.831232e+08 9.984491e-04 5.866768e-12 2.383626e-18
6.700784e+07 9.984491e-04 2.032423e-10 4.332811e-16
1.289790e+07 9.984491e-04 2.184712e-09 1.450190e-14
2.671392e+06 9.984491e-04 1.122623e-08 2.260652e-13
6.824776e+05 9.984491e-04 1.967308e-08 6.148569e-13
2.019858e+05 9.984491e-04 2.924837e-08 1.221500e-12
2.966534e+08 9.997282e-04 6.737739e-15 6.812867e-26
2.946669e+08 9.997282e-04 7.079290e-15 8.347428e-26
2.886314e+08 9.997282e-04 7.639841e-15 1.082020e-25
2.848573e+08 9.997282e-04 8.148033e-15 2.742412e-25
2.807747e+08 9.997282e-04 1.320365e-14 4.554314e-23
2.738046e+08 9.997282e-04 2.459571e-13 2.103021e-20
2.571611e+08 9.997282e-04 1.288194e-11 8.517030e-18
2.081854e+08 9.997282e-04 3.473349e-10 1.185395e-15
1.031140e+08 9.997282e-04 3.665630e-09 4.063615e-14
3.194843e+07 9.997282e-04 1.272894e-08 2.643068e-13
9.275655e+06 9.997282e-04 2.159782e-08 5.925710e-13
2.936911e+06 9.997282e-04 2.916099e-08 9.422780e-13
1.031801e+06 9.997282e-04 5.172462e-08 3.489952e-12
2.967295e+08 9.995081e-04 6.731710e-15 6.804669e-26
2.937789e+08 9.995081e-04 6.985117e-15 7.644690e-26
2.907766e+08 9.995081e-04 7.334531e-15 9.402953e-26
2.856166e+08 9.995081e-04 7.894605e-15 1.337003e-25
2.808746e+08 9.995081e-04 9.021840e-15 6.590061e-25
2.718940e+08 9.995081e-04 2.433509e-14 2.035668e-22
2.587508e+08 9.995081e-04 8.675502e-13 9.900294e-20
1.982918e+08 9.995081e-04 4.611892e-11 3.727383e-17
7.807688e+07 9.995081e-04 1.109328e-09 4.347582e-15
1.867051e+07 9.995081e-04 6.305420e-09 6.452900e-14
4.580554e+06 9.995081e-04 1.114777e-08 1.561383e-13
1.249839e+06 9.995081e-04 1.684609e-08 3.784478e-13
3.691245e+05 9.995081e-04 2.410848e-08 8.948754e-13
2.969473e+08 1.000486e-03 6.738340e-15 6.813374e-26
2.897169e+08 1.000486e-03 7.234979e-15 8.454205e-26
2.854562e+08 1.000486e-03 7.864965e-15 1.168676e-25
2.795817e+08 1.000486e-03 8.943733e-15 3.878014e-25
2.741057e+08 1.000486e-03 1.464118e-14 6.496560e-23
2.650595e+08 1.000486e-03 2.853924e-13 3.267962e-20
2.417826e+08 1.000486e-03 1.431547e-11 1.248922e-17
1.726452e+08 1.000486e-03 4.167521e-10 1.947620e-15
6.392104e+07 1.000486e-03 4.634348e-09 7.114882e-14
1.644992e+07 1.000486e-03 1.633720e-08 4.728419e-13
4.663518e+06 1.000486e-03 2.915821e-08 1.148917e-12
1.491680e+06 1.000486e-03 3.575286e-08 1.553616e-12
5.340661e+05 1.000486e-03 4.967828e-08 2.895853e-12
2.965351e+08 9.997667e-04 6.732174e-15 6.799383e-26
2.923332e+08 9.997667e-04 7.092696e-15 8.338926e-26
2.843275e+08 9.997667e-04 7.687470e-15 1.046731e-25
2.775514e+08 9.997667e-04 8.405514e-15 1.399388e-25
2.700525e+08 9.997667e-04 9.431216e-15 3.346167e-25
2.621709e+08 9.997667e-04 1.461084e-14 5.100422e-23
2.520098e+08 9.997667e-04 1.927057e-13 2.119036e-20
2.023695e+08 9.997667e-04 9.782639e-12 5.075959e-18
8.882840e+07 9.997667e-04 3.323731e-10 7.404261e-16
1.951425e+07 9.997667e-04 2.847833e-09 2.446399e-14
4.008780e+06 9.997667e-04 8.206968e-09 1.861338e-13
9.453789e+05 9.997667e-04 1.538204e-08 5.002685e-13
2.640711e+05 9.997667e-04 2.980130e-08 1.463997e-12
2.965441e+08 1.000622e-03 6.748678e-15 6.822898e-26
2.935699e+08 1.000622e-03 7.007137e-15 7.666815e-26
2.899975e+08 1.000622e-03 7.429526e-15 9.419325e-26
2.876031e+08 1.000622e-03 7.829712e-15 1.174857e-25
2.820983e+08 1.000622e-03 8.668152e-15 4.211863e-25
2.742743e+08 1.000622e-03 1.975548e-14 1.105649e-22
2.615337e+08 1.000622e-03 5.783882e-13 4.123064e-20
2.060653e+08 1.000622e-03 2.553724e-11 8.868290e-18
8.961896e+07 1.000622e-03 3.669893e-10 8.251576e-16
1.840513e+07 1.000622e-03 1.300170e-09 1.238885e-14
3.230553e+06 1.000622e-03 3.947976e-09 8.730316e-14
6.534040e+05 1.000622e-03 1.183099e-08 4.233921e-13
1.621254e+05 1.000622e-03 2.074960e-08 1.015369e-12
2.967377e+08 1.000086e-03 6.738802e-15 6.811584e-26
2.921906e+08 1.000086e-03 7.087351e-15 7.924373e-26
2.895284e+08 1.000086e-03 7.244737e-15 8.585007e-26
2.857153e+08 1.000086e-03 7.719537e-15 1.112495e-25
2.814426e+08 1.000086e-03 8.474654e-15 9.576604e-25
2.742833e+08 1.000086e-03 2.608916e-14 3.158797e-22
2.645160e+08 1.000086e-03 1.041890e-12 1.567657e-19
2.213796e+08 1.000086e-03 4.714381e-11 4.560822e-17
1.215261e+08 1.000086e-03 9.168056e-10 3.529669e-15
3.619448e+07 1.000086e-03 6.204480e-09 8.081515e-14
9.459348e+06 1.000086e-03 1.676053e-08 4.463163e-13
2.849413e+06 1.000086e-03 3.053049e-08 1.322302e-12
9.700651e+05 1.000086e-03 4.233258e-08 2.472005e-12
2.963763e+08 9.984527e-04 6.732581e-15 6.811863e-26
2.890763e+08 9.984527e-04 7.204234e-15 8.201240e-26
2.798604e+08 9.984527e-04 7.704848e-15 1.006120e-25
2.749637e+08 9.984527e-04 8.038664e-15 1.196913e-25
2.721843e+08 9.984527e-04 8.580104e-15 2.355080e-25
2.634687e+08 9.984527e-04 1.173027e-14 3.015191e-23
2.585207e+08 9.984527e-04 1.051127e-13 1.320344e-20
2.347224e+08 9.984527e-04 4.974556e-12 3.697432e-18
1.544787e+08 9.984527e-04 1.560057e-10 4.720832e-16
4.712194e+07 9.984527e-04 2.167172e-09 2.282472e-14
1.047701e+07 9.984527e-04 1.209629e-08 4.199444e-13
2.727734e+06 9.984527e-04 2.236181e-08 1.267705e-12
8.075816e+05 9.984527e-04 3.021115e-08 2.064530e-12
2.966807e+08 9.993382e-04 6.735007e-15 6.812998e-26
2.950329e+08 9.993382e-04 6.961151e-15 7.601322e-26
2.909567e+08 9.993382e-04 7.424397e-15 9.352269e-26
2.843205e+08 9.993382e-04 8.005573e-15 1.209962e-25
2.773549e+08 9.993382e-04 8.940365e-15 2.171638e-25
2.727465e+08 9.993382e-04 1.142168e-14 1.173161e-23
2.612162e+08 9.993382e-04 5.995614e-14 5.402194e-21
2.378756e+08 9.993382e-04 2.375778e-12 2.017434e-18
1.470905e+08 9.993382e-04 7.298233e-11 3.035614e-16
3.876608e+07 9.993382e-04 1.174736e-09 1.483946e-14
7.533300e+06 9.993382e-04 6.942031e-09 2.403536e-13
1.641503e+06 9.993382e-04 1.659162e-08 1.047020e-12
4.157904e+05 9.993382e-04 3.334000e-08 2.924897e-12
2.965748e+08 9.993294e-04 6.734123e-15 6.809738e-26
2.916761e+08 9.993294e-04 7.074439e-15 7.793407e-26
2.901126e+08 9.993294e-04 7.356116e-15 9.244510e-26
2.858364e+08 9.993294e-04 7.738042e-15 1.114435e-25
2.831454e+08 9.993294e-04 8.470859e-15 2.256823e-25
2.747157e+08 9.993294e-04 1.177763e-14 2.628442e-23
2.668869e+08 9.993294e-04 1.142140e-13 1.249823e-20
2.465974e+08 9.993294e-04 5.455782e-12 4.409139e-18
1.723889e+08 9.993294e-04 1.645806e-10 6.130787e-16
5.787483e+07 9.993294e-04 2.774727e-09 4.364375e-14
1.285387e+07 9.993294e-04 1.149055e-08 3.129226e-13
3.203191e+06 9.993294e-04 2.125621e-08 7.553334e-13
9.649134e+05 9.993294e-04 3.336780e-08 1.600765e-12
2.966374e+08 9.994615e-04 6.740011e-15 6.821226e-26
2.896441e+08 9.994615e-04 7.257595e-15 8.645522e-26
2.870187e+08 9.994615e-04 7.583017e-15 1.003612e-25
2.807519e+08 9.994615e-04 8.250912e-15 1.395609e-25
2.733744e+08 9.994615e-04 9.392231e-15 6.039707e-25
2.670924e+08 9.994615e-04 2.032732e-14 1.525024e-22
2.597319e+08 9.994615e-04 5.625393e-13 7.031380e-20
2.278746e+08 9.994615e-04 2.841074e-11 2.405406e-17
1.246870e+08 9.994615e-04 6.896768e-10 2.680467e-15
3.509304e+07 9.994615e-04 3.762303e-09 3.395718e-14
8.351786e+06 9.994615e-04 9.088706e-09 2.289921e-13
2.094512e+06 9.994615e-04 1.314264e-08 5.257710e-13
5.404038e+05 9.994615e-04 2.381514e-08 1.848681e-12
2.965271e+08 9.997322e-04 6.738514e-15 6.813994e-26
2.902328e+08 9.997322e-04 7.253992e-15 8.578938e-26
2.858872e+08 9.997322e-04 7.535567e-15 1.028048e-25
2.823891e+08 9.997322e-04 8.044310e-15 1.362763e-25
2.754581e+08 9.997322e-04 9.097835e-15 2.566146e-25
2.674051e+08 9.997322e-04 1.512482e-14 1.186058e-23
2.526068e+08 9.997322e-04 2.445014e-13 4.496104e-21
2.137205e+08 9.997322e-04 1.173230e-11 1.646148e-18
1.060435e+08 9.997322e-04 4.653760e-10 6.565308e-16
2.615198e+07 9.997322e-04 2.030338e-09 6.958175e-15
5.484545e+06 9.997322e-04 5.084055e-09 3.752908e-14
1.251013e+06 9.997322e-04 8.231977e-09 1.048466e-13
3.107847e+05 9.997322e-04 1.418272e-08 3.472972e-13
2.969441e+08 1.001469e-03 6.749036e-15 6.822079e-26
2.920641e+08 1.001469e-03 7.228723e-15 8.486039e-26
2.859547e+08 1.001469e-03 7.874303e-15 1.117401e-25
2.811363e+08 1.001469e-03 8.632021e-15 1.534856e-25
2.738224e+08 1.001469e-03 9.803696e-15 3.112076e-24
2.635867e+08 1.001469e-03 3.074036e-14 1.316086e-21
2.533160e+08 1.001469e-03 1.174688e-12 5.015210e-19
2.235921e+08 1.001469e-03 5.304000e-11 1.013169e-16
1.353328e+08 1.001469e-03 8.941254e-10 5.383102e-15
4.249154e+07 1.001469e-03 5.110237e-09 7.826284e-14
1.035396e+07 1.001469e-03 9.964702e-09 2.476618e-13
2.695491e+06 1.001469e-03 2.383776e-08 1.217939e-12
8.243011e+05 1.001469e-03 4.387974e-08 3.310790e-12
2.967917e+08 1.001242e-03 6.755559e-15 6.833691e-26
2.948594e+08 1.001242e-03 6.915879e-15 7.594773e-26
2.893864e+08 1.001242e-03 7.327752e-15 9.685565e-26
2.837572e+08 1.001242e-03 8.236591e-15 1.961496e-25
2.729967e+08 1.001242e-03 1.058765e-14 8.203213e-25
2.607023e+08 1.001242e-03 6.596474e-14 1.035605e-22
2.063573e+08 1.001242e-03 2.006196e-12 2.968916e-20
8.495044e+07 1.001242e-03 4.356988e-11 9.002649e-18
1.616846e+07 1.001242e-03 4.816862e-10 6.748752e-16
2.697419e+06 1.001242e-03 3.033989e-09 2.271422e-14
5.470690e+05 1.001242e-03 7.634963e-09 1.240837e-13
1.311157e+05 1.001242e-03 1.453488e-08 6.249108e-13
3.449574e+04 1.001242e-03 2.312899e-08 1.350045e-12
2.966345e+08 9.998599e-04 6.742494e-15 6.815127e-26
2.922361e+08 9.998599e-04 7.043172e-15 7.987071e-26
2.892615e+08 9.998599e-04 7.395984e-15 9.843716e-26
2.869171e+08 9.998599e-04 8.279337e-15 1.823040e-25
2.813916e+08 9.998599e-04 1.058505e-14 1.083592e-24
2.726277e+08 9.998599e-04 4.631433e-14 2.546270e-22
2.323503e+08 9.998599e-04 1.666704e-12 1.105520e-19
1.127463e+08 9.998599e-04 4.931091e-11 3.064960e-17
2.464642e+07 9.998599e-04 7.471319e-10 3.240668e-15
4.253106e+06 9.998599e-04 3.466050e-09 4.109188e-14
8.833454e+05 9.998599e-04 1.295502e-08 3.643055e-13
2.315731e+05 9.998599e-04 2.262016e-08 8.603517e-13
7.013248e+04 9.998599e-04 3.318428e-08 1.908632e-12
2.968913e+08 1.001187e-03 6.745328e-15 6.815161e-26
2.899230e+08 1.001187e-03 7.466371e-15 9.423622e-26
2.881837e+08 1.001187e-03 7.687526e-15 1.080376e-25
2.830650e+08 1.001187e-03 7.988194e-15 1.246120e-25
2.752154e+08 1.001187e-03 8.943251e-15 3.809718e-25
2.669779e+08 1.001187e-03 1.231740e-14 9.452787e-23
2.567920e+08 1.001187e-03 1.478962e-13 4.104914e-20
2.367487e+08 1.001187e-03 6.724241e-12 1.153569e-17
1.566885e+08 1.001187e-03 1.734508e-10 9.311169e-16
4.917603e+07 1.001187e-03 2.432972e-09 3.055798e-14
1.094030e+07 1.001187e-03 9.477937e-09 2.948928e-13
2.691931e+06 1.001187e-03 2.198342e-08 1.184695e-12
7.687950e+05 1.001187e-03 3.172142e-08 2.089101e-12
2.967677e+08 9.997197e-04 6.736172e-15 6.808789e-26
2.900558e+08 9.997197e-04 7.294505e-15 8.503128e-26
2.849956e+08 9.997197e-04 7.784776e-15 1.010444e-25
2.818808e+08 9.997197e-04 8.153035e-15 1.188789e-25
2.779792e+08 9.997197e-04 8.750342e-15 2.184127e-25
2.716985e+08 9.997197e-04 1.120658e-14 2.136350e-23
2.645434e+08 9.997197e-04 1.122715e-13 1.037957e-20
2.486367e+08 9.997197e-04 5.290582e-12 3.748626e-18
1.779205e+08 9.997197e-04 1.602039e-10 4.712339e-16
6.121938e+07 9.997197e-04 2.078932e-09 1.937251e-14
1.405902e+07 9.997197e-04 7.701431e-09 1.258242e-13
3.708646e+06 9.997197e-04 2.118161e-08 6.590413e-13
1.153424e+06 9.997197e-04 2.928450e-08 1.183294e-12
2.967415e+08 1.000365e-03 6.741294e-15 6.815628e-26
2.892369e+08 1.000365e-03 7.141229e-15 8.054831e-26
2.873324e+08 1.000365e-03 7.305747e-15 8.891036e-26
2.841778e+08 1.000365e-03 7.725152e-15 1.164133e-25
2.793565e+08 1.000365e-03 8.663735e-15 2.892026e-25
2.687271e+08 1.000365e-03 1.909992e-14 2.137695e-23
2.505665e+08 1.000365e-03 4.401702e-13 7.683009e-21
1.816950e+08 1.000365e-03 1.276996e-11 1.609303e-18
6.040044e+07 1.000365e-03 1.792255e-10 2.153284e-16
1.114210e+07 1.000365e-03 1.488321e-09 9.574267e-15
2.040512e+06 1.000365e-03 4.564588e-09 5.794150e-14
4.355777e+05 1.000365e-03 1.264810e-08 3.584812e-13
1.134954e+05 1.000365e-03 2.096330e-08 8.218652e-13
2.965872e+08 9.997728e-04 6.730195e-15 6.795596e-26
2.918792e+08 9.997728e-04 7.081656e-15 8.432075e-26
2.886735e+08 9.997728e-04 7.617156e-15 1.075995e-25
2.833928e+08 9.997728e-04 8.498030e-15 1.483592e-25
2.719265e+08 9.997728e-04 9.699342e-15 2.664563e-25
2.623652e+08 9.997728e-04 1.319494e-14 1.439825e-23
2.524156e+08 9.997728e-04 9.805263e-14 6.466434e-21
2.196219e+08 9.997728e-04 4.722323e-12 2.237595e-18
1.266953e+08 9.997728e-04 1.766464e-10 3.550198e-16
3.357737e+07 9.997728e-04 2.021347e-09 1.631584e-14
7.126564e+06 9.997728e-04 6.310595e-09 9.690989e-14
1.700418e+06 9.997728e-04 1.379720e-08 5.156909e-13
4.502869e+05 9.997728e-04 2.346450e-08 1.300930e-12
2.965058e+08 9.992772e-04 6.738218e-15 6.815431e-26
2.922559e+08 9.992772e-04 7.072287e-15 8.053300e-26
2.880069e+08 9.992772e-04 7.613903e-15 1.101140e-25
2.811741e+08 9.992772e-04 8.404121e-15 2.397012e-25
2.753261e+08 9.992772e-04 1.782633e-14 2.321065e-23
2.618615e+08 9.992772e-04 4.678891e-13 8.668336e-21
2.141498e+08 9.992772e-04 2.039646e-11 2.640556e-18
9.494005e+07 9.992772e-04 3.423928e-10 2.316878e-16
2.102822e+07 9.992772e-04 1.749228e-09 4.578423e-15
4.150252e+06 9.992772e-04 4.100769e-09 2.448427e-14
9.284496e+05 9.992772e-04 1.135691e-08 2.292444e-13
2.412245e+05 9.992772e-04 1.798563e-08 4.919977e-13
7.332449e+04 9.992772e-04 2.941877e-08 1.246494e-12
2.968035e+08 1.000658e-03 6.740703e-15 6.809815e-26
2.930004e+08 1.000658e-03 7.066185e-15 7.888268e-26
2.859105e+08 1.000658e-03 7.603423e-15 9.721500e-26
2.801561e+08 1.000658e-03 8.227819e-15 1.316799e-25
2.752715e+08 1.000658e-03 9.127805e-15 3.133285e-25
2.692017e+08 1.000658e-03 1.714290e-14 2.507983e-23
2.533830e+08 1.000658e-03 3.682682e-13 1.011879e-20
1.947873e+08 1.000658e-03 1.918160e-11 4.421309e-18
7.186332e+07 1.000658e-03 3.948303e-10 6.308021e-16
1.527215e+07 1.000658e-03 3.226147e-09 3.299073e-14
3.336061e+06 1.000658e-03 1.062786e-08 2.698784e-13
8.680780e+05 1.000658e-03 2.289002e-08 9.511646e-13
2.558281e+05 1.000658e-03 2.924112e-08 1.389232e-12
2.967164e+08 9.989095e-04 6.729206e-15 6.803638e-26
2.955716e+08 9.989095e-04 6.945483e-15 7.780365e-26
2.924218e+08 9.989095e-04 7.463090e-15 1.045672e-25
2.851833e+08 9.989095e-04 8.179226e-15 1.472029e-25
2.819317e+08 9.989095e-04 9.069152e-15 3.572609e-25
2.760710e+08 9.989095e-04 1.184267e-14 6.313510e-23
2.639505e+08 9.989095e-04 7.972341e-14 2.583734e-20
2.286518e+08 9.989095e-04 2.767906e-12 4.986797e-18
1.168227e+08 9.989095e-04 9.191297e-11 4.528527e-16
2.634570e+07 9.989095e-04 1.698348e-09 1.716065e-14
5.298161e+06 9.989095e-04 9.472369e-09 2.377511e-13
1.284942e+06 9.989095e-04 2.020464e-08 8.073616e-13
3.805284e+05 9.989095e-04 3.378048e-08 1.810823e-12
2.967035e+08 9.987379e-04 6.725129e-15 6.799598e-26
2.937831e+08 9.987379e-04 6.969315e-15 7.598983e-26
2.864102e+08 9.987379e-04 7.760980e-15 1.089047e-25
2.821458e+08 9.987379e-04 8.175647e-15 1.387203e-25
2.790499e+08 9.987379e-04 9.130819e-15 1.744103e-24
2.686461e+08 9.987379e-04 2.186953e-14 8.049139e-22
2.601048e+08 9.987379e-04 6.359620e-13 3.517691e-19
2.317964e+08 9.987379e-04 2.142998e-11 6.768521e-17
1.353112e+08 9.987379e-04 3.853879e-10 4.365849e-15
3.480864e+07 9.987379e-04 3.412863e-09 9.244394e-14
7.049866e+06 9.987379e-04 1.189873e-08 5.141626e-13
1.747376e+06 9.987379e-04 2.641974e-08 1.435850e-12
5.271264e+05 9.987379e-04 3.936899e-08 2.583277e-12
2.969196e+08 1.000340e-03 6.738793e-15 6.812537e-26
2.878582e+08 1.000340e-03 7.279638e-15 8.217807e-26
2.806400e+08 1.000340e-03 8.154694e-15 1.170791e-25
2.765778e+08 1.000340e-03 8.717412e-15 1.462574e-25
2.707636e+08 1.000340e-03 1.158758e-14 6.181112e-25
2.594596e+08 1.000340e-03 2.152555e-14 5.905302e-23
2.484819e+08 1.000340e-03 3.444281e-13 2.788169e-20
1.929950e+08 1.000340e-03 1.724192e-11 1.039723e-17
7.745267e+07 1.000340e-03 5.671193e-10 1.844006e-15
1.683343e+07 1.000340e-03 3.255022e-09 3.164178e-14
3.598163e+06 1.000340e-03 8.292604e-09 2.056100e-13
8.709155e+05 1.000340e-03 1.624402e-08 6.398892e-13
2.409765e+05 1.000340e-03 2.507211e-08 1.311526e-12
2.967930e+08 9.990017e-04 6.730989e-15 6.810649e-26
2.937931e+08 9.990017e-04 6.968946e-15 7.551376e-26
2.907988e+08 9.990017e-04 7.246784e-15 8.568825e-26
2.887368e+08 9.990017e-04 7.648185e-15 1.094249e-25
2.855680e+08 9.990017e-04 8.337561e-15 2.737245e-25
2.827822e+08 9.990017e-04 1.103700e-14 4.740167e-23
2.740944e+08 9.990017e-04 7.918986e-14 2.015847e-20
2.376117e+08 9.990017e-04 2.509229e-12 4.198971e-18
1.280965e+08 9.990017e-04 6.209104e-11 3.335438e-16
2.941172e+07 9.990017e-04 7.632296e-10 1.036221e-14
5.052022e+06 9.990017e-04 3.671768e-09 9.234044e-14
9.742831e+05 9.990017e-04 1.125309e-08 5.102752e-13
2.292424e+05 9.990017e-04 2.094086e-08 1.189847e-12
2.966610e+08 9.989176e-04 6.728124e-15 6.799806e-26
2.930116e+08 9.989176e-04 7.040270e-15 7.879584e-26
2.888097e+08 9.989176e-04 7.452943e-15 9.534612e-26
2.811253e+08 9.989176e-04 7.841810e-15 1.154595e-25
2.745489e+08 9.989176e-04 8.842872e-15 3.334093e-25
2.692811e+08 9.989176e-04 1.476195e-14 6.243122e-23
2.574262e+08 9.989176e-04 2.754754e-13 3.490084e-20
2.176204e+08 9.989176e-04 1.113223e-11 7.753649e-18
1.051410e+08 9.989176e-04 2.831177e-10 7.380015e-16
2.405541e+07 9.989176e-04 2.240639e-09 2.477470e-14
4.845488e+06 9.989176e-04 6.328699e-09 1.034930e-13
1.141081e+06 9.989176e-04 1.321047e-08 4.043686e-13
3.137243e+05 9.989176e-04 2.525878e-08 1.339712e-12
2.970257e+08 1.001029e-03 6.742954e-15 6.811455e-26
2.912311e+08 1.001029e-03 7.151582e-15 8.147521e-26
2.882437e+08 1.001029e-03 7.506426e-15 9.612892e-26
2.843856e+08 1.001029e-03 8.205033e-15 1.291886e-25
2.759120e+08 1.001029e-03 9.414819e-15 2.430269e-25
2.715850e+08 1.001029e-03 1.229477e-14 1.903260e-23
2.606480e+08 1.001029e-03 1.340140e-13 8.615596e-21
2.396772e+08 1.001029e-03 6.894376e-12 3.406712e-18
1.649820e+08 1.001029e-03 2.411258e-10 6.425910e-16
5.644016e+07 1.001029e-03 2.939859e-09 2.955630e-14
1.353985e+07 1.001029e-03 1.004704e-08 1.932601e-13
3.589441e+06 1.001029e-03 2.124151e-08 6.205389e-13
1.097410e+06 1.001029e-03 2.736418e-08 9.375619e-13
2.967422e+08 1.000183e-03 6.743701e-15 6.823349e-26
2.857967e+08 1.000183e-03 7.370831e-15 8.377489e-26
2.828252e+08 1.000183e-03 7.756853e-15 9.948104e-26
2.776633e+08 1.000183e-03 8.206129e-15 1.222088e-25
2.756359e+08 1.000183e-03 9.274897e-15 1.037725e-24
2.692058e+08 1.000183e-03 4.165915e-14 4.068431e-22
2.579188e+08 1.000183e-03 1.873808e-12 1.911460e-19
2.092044e+08 1.000183e-03 9.035067e-11 7.009645e-17
1.017711e+08 1.000183e-03 1.324288e-09 4.660140e-15
2.729400e+07 1.000183e-03 4.097310e-09 2.911626e-14
6.411390e+06 1.000183e-03 7.949606e-09 9.353897e-14
1.598296e+06 1.000183e-03 1.496118e-08 3.451475e-13
4.511532e+05 1.000183e-03 2.106086e-08 6.322570e-13
2.968404e+08 1.000888e-03 6.747377e-15 6.818838e-26
2.882481e+08 1.000888e-03 7.480114e-15 9.221441e-26
2.846490e+08 1.000888e-03 7.992961e-15 1.204951e-25
2.809444e+08 1.000888e-03 8.709832e-15 1.613586e-25
2.692991e+08 1.000888e-03 9.742375e-15 3.182347e-25
2.577321e+08 1.000888e-03 1.952451e-14 3.541617e-23
2.493232e+08 1.000888e-03 5.372505e-13 1.891553e-20
2.078398e+08 1.000888e-03 2.635028e-11 6.917904e-18
9.786714e+07 1.000888e-03 4.033673e-10 4.390212e-16
2.233324e+07 1.000888e-03 1.236706e-09 3.646363e-15
4.195533e+06 1.000888e-03 4.361194e-09 1.094485e-13
8.589897e+05 1.000888e-03 9.978024e-09 3.312180e-13
2.128314e+05 1.000888e-03 2.727932e-08 2.031872e-12
2.964950e+08 1.000006e-03 6.743574e-15 6.816583e-26
2.894648e+08 1.000006e-03 7.179994e-15 7.999679e-26
2.855121e+08 1.000006e-03 7.579147e-15 9.452066e-26
2.819392e+08 1.000006e-03 8.094854e-15 1.255774e-25
2.790587e+08 1.000006e-03 8.820032e-15 2.322036e-25
2.723540e+08 1.000006e-03 1.251515e-14 2.074153e-23
2.599338e+08 1.000006e-03 1.198852e-13 9.437465e-21
2.157146e+08 1.000006e-03 4.964251e-12 3.246353e-18
1.037902e+08 1.000006e-03 1.280384e-10 4.776326e-16
2.193136e+07 1.000006e-03 1.716534e-09 2.476626e-14
3.838661e+06 1.000006e-03 8.330405e-09 2.571649e-13
8.359198e+05 1.000006e-03 2.384908e-08 1.237824e-12
2.356103e+05 1.000006e-03 3.535848e-08 2.165244e-12
2.965599e+08 9.997723e-04 6.734264e-15 6.801526e-26
2.925063e+08 9.997723e-04 7.221715e-15 8.862813e-26
2.889362e+08 9.997723e-04 7.839430e-15 1.139576e-25
2.854127e+08 9.997723e-04 8.264338e-15 1.396678e-25
2.806253e+08 9.997723e-04 9.186692e-15 1.240372e-24
2.669664e+08 9.997723e-04 1.724747e-14 5.081196e-22
2.568686e+08 9.997723e-04 3.250789e-13 1.583675e-19
2.173971e+08 9.997723e-04 1.217587e-11 1.938185e-17
1.049389e+08 9.997723e-04 2.694447e-10 1.012508e-15
2.363436e+07 9.997723e-04 1.839957e-09 1.603223e-14
4.849198e+06 9.997723e-04 9.475553e-09 2.007105e-13
1.223111e+06 9.997723e-04 2.119453e-08 8.465969e-13
3.533926e+05 9.997723e-04 2.893058e-08 1.562856e-12
2.966773e+08 9.993189e-04 6.738292e-15 6.817745e-26
2.902287e+08 9.993189e-04 7.100314e-15 7.890224e-26
2.832982e+08 9.993189e-04 7.739827e-15 1.022315e-25
2.775247e+08 9.993189e-04 8.568932e-15 1.558012e-25
2.721013e+08 9.993189e-04 1.060905e-14 2.402237e-24
2.615030e+08 9.993189e-04 7.271684e-14 6.859753e-22
2.448479e+08 9.993189e-04 3.271109e-12 2.646937e-19
1.772904e+08 9.993189e-04 1.072645e-10 4.869459e-17
6.322670e+07 9.993189e-04 8.691494e-10 1.291015e-15
1.338229e+07 9.993189e-04 1.743264e-09 8.166380e-15
2.670381e+06 9.993189e-04 8.411749e-09 1.853867e-13
6.382666e+05 9.993189e-04 1.993335e-08 6.821562e-13
1.833273e+05 9.993189e-04 2.911412e-08 1.275120e-12
2.967670e+08 9.996515e-04 6.732592e-15 6.802025e-26
2.911898e+08 9.996515e-04 7.032518e-15 7.831931e-26
2.870145e+08 9.996515e-04 7.838435e-15 1.286245e-25
2.837887e+08 9.996515e-04 8.393417e-15 1.693735e-25
2.771586e+08 9.996515e-04 9.820205e-15 4.738751e-25
2.674088e+08 9.996515e-04 2.082251e-14 8.439749e-23
2.547010e+08 9.996515e-04 4.870385e-13 3.751489e-20
2.011048e+08 9.996515e-04 2.271764e-11 1.203155e-17
8.448055e+07 9.996515e-04 7.058904e-10 2.713180e-15
1.975130e+07 9.996515e-04 6.656238e-09 1.017519e-13
4.562353e+06 9.996515e-04 1.667984e-08 4.572712e-13
1.296691e+06 9.996515e-04 2.623091e-08 8.949609e-13
4.244723e+05 9.996515e-04 4.010785e-08 2.022736e-12
2.965891e+08 9.987248e-04 6.723459e-15 6.793061e-26
2.927130e+08 9.987248e-04 7.092330e-15 8.036740e-26
2.867891e+08 9.987248e-04 7.572355e-15 9.803362e-26
2.844581e+08 9.987248e-04 8.030953e-15 1.308562e-25
2.770919e+08 9.987248e-04 1.024361e-14 4.490271e-25
2.710706e+08 9.987248e-04 2.298421e-14 5.301351e-23
2.559953e+08 9.987248e-04 6.653330e-13 2.540969e-20
1.981853e+08 9.987248e-04 3.291847e-11 1.036684e-17
7.732933e+07 9.987248e-04 7.643234e-10 2.095079e-15
1.814676e+07 9.987248e-04 4.764507e-09 6.575628e-14
4.196450e+06 9.987248e-04 1.308313e-08 3.403241e-13
1.125011e+06 9.987248e-04 2.259451e-08 8.017564e-13
3.433616e+05 9.987248e-04 3.185573e-08 1.498651e-12
2.967206e+08 1.000627e-03 6.744641e-15 6.814013e-26
2.938646e+08 1.000627e-03 6.952284e-15 7.622077e-26
2.859054e+08 1.000627e-03 7.539037e-15 9.845597e-26
2.847446e+08 1.000627e-03 7.877440e-15 1.365388e-25
2.796099e+08 1.000627e-03 1.036883e-14 3.959064e-24
2.716610e+08 1.000627e-03 9.207966e-14 1.661280e-21
2.486295e+08 1.000627e-03 4.372213e-12 6.492004e-19
1.657687e+08 1.000627e-03 1.598745e-10 1.511155e-16
5.363733e+07 1.000627e-03 1.836194e-09 7.131553e-15
1.246046e+07 1.000627e-03 5.404644e-09 4.228506e-14
3.003745e+06 1.000627e-03 1.005875e-08 1.358735e-13
7.839336e+05 1.000627e-03 1.498493e-08 3.966975e-13
2.244925e+05 1.000627e-03 2.494399e-08 1.174918e-12
2.968385e+08 1.000849e-03 6.748073e-15 6.824090e-26
2.906610e+08 1.000849e-03 7.037103e-15 7.584447e-26
2.864754e+08 1.000849e-03 7.475642e-15 9.349080e-26
2.851818e+08 1.000849e-03 7.779819e-15 1.176022e-25
2.779249e+08 1.000849e-03 8.924855e-15 4.285155e-25
2.732199e+08 1.000849e-03 2.194181e-14 1.220909e-22
2.594303e+08 1.000849e-03 6.937711e-13 5.502144e-20
2.100454e+08 1.000849e-03 3.081462e-11 1.661846e-17
8.920655e+07 1.000849e-03 8.898352e-10 2.696095e-15
2.176637e+07 1.000849e-03 4.764465e-09 3.449310e-14
5.291567e+06 1.000849e-03 1.272519e-08 2.843496e-13
1.423819e+06 1.000849e-03 1.943038e-08 7.514560e-13
4.120863e+05 1.000849e-03 2.959870e-08 1.822189e-12
2.966589e+08 9.990896e-04 6.728497e-15 6.799835e-26
2.925011e+08 9.990896e-04 7.052153e-15 7.826184e-26
2.911304e+08 9.990896e-04 7.259568e-15 8.957159e-26
2.870131e+08 9.990896e-04 7.631556e-15 1.345512e-25
2.843224e+08 9.990896e-04 8.481281e-15 7.228266e-24
2.799895e+08 9.990896e-04 2.384896e-14 3.357800e-21
2.657839e+08 9.990896e-04 6.997026e-13 9.196832e-19
2.155114e+08 9.990896e-04 1.942109e-11 9.035360e-17
9.177735e+07 9.990896e-04 3.427365e-10 3.563463e-15
1.939691e+07 9.990896e-04 2.405347e-09 4.842270e-14
3.767171e+06 9.990896e-04 1.028739e-08 5.739952e-13
8.861475e+05 9.990896e-04 2.060821e-08 1.381390e-12
2.451675e+05 9.990896e-04 3.077128e-08 3.170576e-12
2.967135e+08 9.986447e-04 6.719164e-15 6.787794e-26
2.904174e+08 9.986447e-04 7.234501e-15 8.403130e-26
2.868658e+08 9.986447e-04 7.603612e-15 1.026441e-25
2.822437e+08 9.986447e-04 8.157176e-15 1.373698e-25
2.780755e+08 9.986447e-04 9.271474e-15 2.903747e-25
2.707531e+08 9.986447e-04 1.354427e-14 1.995032e-23
2.610451e+08 9.986447e-04 1.939872e-13 9.482032e-21
2.255975e+08 9.986447e-04 8.644200e-12 3.433145e-18
1.173989e+08 9.986447e-04 2.523811e-10 7.331390e-16
2.814132e+07 9.986447e-04 2.316518e-09 2.289523e-14
5.838367e+06 9.986447e-04 8.184559e-09 2.298261e-13
1.404324e+06 9.986447e-04 1.397731e-08 4.825035e-13
3.764217e+05 9.986447e-04 2.205936e-08 1.012708e-12
2.966985e+08 1.000943e-03 6.749681e-15 6.824790e-26
2.931422e+08 1.000943e-03 7.233362e-15 8.474763e-26
2.871071e+08 1.000943e-03 7.766490e-15 1.040567e-25
2.834010e+08 1.000943e-03 8.322986e-15 1.321574e-25
2.793398e+08 1.000943e-03 9.140991e-15 4.938057e-25
2.730182e+08 1.000943e-03 1.923197e-14 1.268727e-22
2.631457e+08 1.000943e-03 5.532521e-13 5.932008e-20
2.402217e+08 1.000943e-03 2.731209e-11 1.916471e-17
1.672042e+08 1.000943e-03 8.215180e-10 3.264250e-15
6.773292e+07 1.000943e-03 6.018465e-09 8.214647e-14
2.075739e+07 1.000943e-03 1.415821e-08 3.215228e-13
6.168043e+06 1.000943e-03 1.889928e-08 6.008545e-13
1.916744e+06 1.000943e-03 3.355226e-08 1.792962e-12
2.966153e+08 9.995582e-04 6.732988e-15 6.808554e-26
2.910987e+08 9.995582e-04 7.051681e-15 7.850784e-26
2.827889e+08 9.995582e-04 7.806401e-15 1.113374e-25
2.776693e+08 9.995582e-04 8.525987e-15 1.515159e-25
2.716939e+08 9.995582e-04 9.684425e-15 2.713563e-25
2.645466e+08 9.995582e-04 1.231582e-14 7.516761e-24
2.576405e+08 9.995582e-04 8.344258e-14 3.312583e-21
2.356994e+08 9.995582e-04 4.057993e-12 1.198666e-18
1.563066e+08 9.995582e-04 1.332370e-10 2.057918e-16
4.894742e+07 9.995582e-04 1.140456e-09 4.830046e-15
9.942105e+06 9.995582e-04 3.417103e-09 4.120970e-14
2.027615e+06 9.995582e-04 8.668598e-09 2.307537e-13
4.870209e+05 9.995582e-04 2.136091e-08 1.041219e-12
2.965783e+08 9.998329e-04 6.739899e-15 6.814083e-26
2.918083e+08 9.998329e-04 7.176336e-15 8.397506e-26
2.846279e+08 9.998329e-04 7.868917e-15 1.156128e-25
2.819167e+08 9.998329e-04 8.363999e-15 1.661174e-25
2.742802e+08 9.998329e-04 9.588615e-15 9.879560e-24
2.677783e+08 9.998329e-04 2.791505e-14 4.733176e-21
2.573337e+08 9.998329e-04 7.551888e-13 1.304375e-18
2.285749e+08 9.998329e-04 1.787139e-11 1.344171e-16
1.309116e+08 9.998329e-04 2.526089e-10 5.401609e-15
3.242900e+07 9.998329e-04 2.019692e-09 7.133957e-14
6.348781e+06 9.998329e-04 6.689856e-09 3.173650e-13
1.432721e+06 9.998329e-04 1.440596e-08 6.626825e-13
3.923276e+05 9.998329e-04 2.761357e-08 1.676090e-12
2.967292e+08 1.000879e-03 6.746598e-15 6.815962e-26
2.946408e+08 1.000879e-03 6.979566e-15 7.932455e-26
2.887847e+08 1.000879e-03 7.432281e-15 9.550856e-26
2.843900e+08 1.000879e-03 8.133977e-15 1.378867e-25
2.762569e+08 1.000879e-03 9.621835e-15 3.372779e-25
2.608868e+08 1.000879e-03 1.627619e-14 4.668905e-23
2.464452e+08 1.000879e-03 2.000844e-13 2.119527e-20
1.902885e+08 1.000879e-03 9.292151e-12 8.640878e-18
7.175562e+07 1.000879e-03 2.370837e-10 1.146948e-15
1.348830e+07 1.000879e-03 2.823489e-09 5.541351e-14
2.484230e+06 1.000879e-03 1.115092e-08 4.376726e-13
5.978532e+05 1.000879e-03 2.797521e-08 1.812494e-12
1.751715e+05 1.000879e-03 3.988312e-08 3.146546e-12
2.970478e+08 1.001721e-03 6.745938e-15 6.810552e-26
2.930295e+08 1.001721e-03 7.147697e-15 8.169895e-26
2.913171e+08 1.001721e-03 7.462959e-15 9.512620e-26
2.843613e+08 1.001721e-03 8.058074e-15 1.395713e-25
2.783677e+08 1.001721e-03 1.022922e-14 1.194994e-24
2.688916e+08 1.001721e-03 6.552657e-14 2.578179e-22
2.354147e+08 1.001721e-03 2.705690e-12 1.339415e-19
1.302469e+08 1.001721e-03 7.657454e-11 4.599889e-17
3.108649e+07 1.001721e-03 1.060898e-09 3.691713e-15
6.003391e+06 1.001721e-03 4.599416e-09 3.755076e-14
1.361846e+06 1.001721e-03 1.659561e-08 4.571975e-13
3.896298e+05 1.001721e-03 2.615223e-08 1.032527e-12
1.246436e+05 1.001721e-03 3.661071e-08 1.977079e-12
2.968469e+08 1.000462e-03 6.733741e-15 6.795332e-26
2.944129e+08 1.000462e-03 6.958871e-15 7.546239e-26
2.894785e+08 1.000462e-03 7.209004e-15 8.406121e-26
2.863525e+08 1.000462e-03 7.440576e-15 9.539076e-26
2.837639e+08 1.000462e-03 7.967277e-15 1.990876e-25
2.791681e+08 1.000462e-03 1.110959e-14 3.216699e-23
2.712560e+08 1.000462e-03 1.195432e-13 1.619965e-20
2.526595e+08 1.000462e-03 5.320305e-12 4.836617e-18
1.821962e+08 1.000462e-03 1.560606e-10 6.648742e-16
6.411376e+07 1.000462e-03 2.366230e-09 3.133305e-14
1.489002e+07 1.000462e-03 7.674630e-09 2.037732e-13
3.610925e+06 1.000462e-03 1.662173e-08 7.804717e-13
9.779744e+05 1.000462e-03 2.581411e-08 1.578134e-12
2.965196e+08 9.996424e-04 6.735391e-15 6.805301e-26
2.915086e+08 9.996424e-04 7.076866e-15 7.910199e-26
2.877859e+08 9.996424e-04 7.447264e-15 9.282179e-26
2.818367e+08 9.996424e-04 7.767121e-15 1.072558e-25
2.762838e+08 9.996424e-04 8.707575e-15 2.403389e-25
2.681173e+08 9.996424e-04 1.142845e-14 3.756363e-23
2.584710e+08 9.996424e-04 1.066022e-13 1.679135e-20
2.364680e+08 9.996424e-04 4.676820e-12 4.311209e-18
1.487475e+08 9.996424e-04 1.307348e-10 4.711154e-16
4.435535e+07 9.996424e-04 2.061679e-09 2.310767e-14
9.864739e+06 9.996424e-04 7.982632e-09 1.718330e-13
2.387276e+06 9.996424e-04 1.429343e-08 6.031215e-13
6.308602e+05 9.996424e-04 2.104341e-08 1.372695e-12
