2.918614e+08 1.010400e-03 6.808443e-15 6.713737e-26
2.708970e+08 1.010400e-03 8.196968e-15 9.993355e-26
2.682939e+08 1.010400e-03 8.604899e-15 1.140923e-25
2.655786e+08 1.010400e-03 8.766938e-15 1.236691e-25
2.655319e+08 1.010400e-03 8.937146e-15 2.451132e-25
2.438765e+08 1.010400e-03 1.825181e-14 3.697782e-23
2.400151e+08 1.010400e-03 5.385318e-13 1.761762e-20
2.113590e+08 1.010400e-03 2.750450e-11 6.503496e-18
1.193233e+08 1.010400e-03 4.656300e-10 4.424902e-16
3.257649e+07 1.010400e-03 3.020876e-09 1.839863e-14
7.407143e+06 1.010400e-03 8.544199e-09 1.203689e-13
1.711043e+06 1.010400e-03 1.097954e-08 1.827579e-13
4.628188e+05 1.010400e-03 2.034077e-08 4.992928e-13
2.823281e+08 9.426644e-04 6.445298e-15 6.618684e-26
2.801330e+08 9.426644e-04 7.135504e-15 9.397533e-26
2.800280e+08 9.426644e-04 7.194806e-15 9.837679e-26
2.779211e+08 9.426644e-04 7.398626e-15 1.149728e-25
2.714208e+08 9.426644e-04 9.131513e-15 5.092206e-25
2.686679e+08 9.426644e-04 1.939077e-14 4.084271e-23
2.623848e+08 9.426644e-04 4.807437e-13 1.244569e-20
2.324177e+08 9.426644e-04 1.855900e-11 3.080460e-18
1.318532e+08 9.426644e-04 2.917044e-10 1.921316e-16
3.864301e+07 9.426644e-04 9.479464e-10 1.128569e-15
8.083667e+06 9.426644e-04 1.243367e-09 1.695108e-15
1.495660e+06 9.426644e-04 1.311084e-09 1.835407e-15
2.898183e+05 9.426644e-04 1.323370e-09 1.861260e-15
3.037389e+08 1.039979e-03 7.031321e-15 7.177042e-26
2.626162e+08 1.039979e-03 8.592255e-15 9.709045e-26
2.622166e+08 1.039979e-03 8.631570e-15 9.939994e-26
2.621939e+08 1.039979e-03 8.644512e-15 1.028977e-25
2.440413e+08 1.039979e-03 1.095812e-14 9.835421e-25
2.398896e+08 1.039979e-03 3.198872e-14 4.217156e-22
2.332069e+08 1.039979e-03 1.306742e-12 2.062215e-19
1.873028e+08 1.039979e-03 5.803504e-11 6.007547e-17
8.036992e+07 1.039979e-03 1.421187e-09 8.382468e-15
1.796084e+07 1.039979e-03 8.055547e-09 1.213753e-13
4.119655e+06 1.039979e-03 1.813400e-08 4.166206e-13
1.121648e+06 1.039979e-03 2.666953e-08 7.483376e-13
3.501871e+05 1.039979e-03 3.027088e-08 9.047009e-13
2.902795e+08 9.698936e-04 6.484135e-15 6.690232e-26
2.717046e+08 9.698936e-04 6.846851e-15 7.136700e-26
2.674861e+08 9.698936e-04 7.910854e-15 1.110220e-25
2.604083e+08 9.698936e-04 9.953366e-15 2.114954e-25
2.548975e+08 9.698936e-04 1.127393e-14 2.826257e-25
2.448657e+08 9.698936e-04 1.515877e-14 8.123268e-25
2.383642e+08 9.698936e-04 1.785398e-14 1.185511e-22
2.350490e+08 9.698936e-04 8.678657e-14 4.138616e-20
2.229117e+08 9.698936e-04 2.139146e-12 6.947908e-18
2.080416e+08 9.698936e-04 3.738141e-11 4.387011e-16
1.579196e+08 9.698936e-04 4.630623e-10 1.211849e-14
8.331259e+07 9.698936e-04 3.412470e-09 1.243812e-13
2.610557e+07 9.698936e-04 1.164602e-08 4.719920e-13
3.052079e+08 1.051122e-03 7.005182e-15 6.857486e-26
3.043576e+08 1.051122e-03 7.114115e-15 7.356212e-26
2.861846e+08 1.051122e-03 8.180854e-15 1.034551e-25
2.815803e+08 1.051122e-03 8.655439e-15 1.282511e-25
2.797572e+08 1.051122e-03 9.875870e-15 2.542003e-25
2.748917e+08 1.051122e-03 1.204111e-14 8.005993e-25
2.467544e+08 1.051122e-03 3.163480e-14 2.165869e-22
2.277679e+08 1.051122e-03 9.191762e-13 1.383330e-19
1.296097e+08 1.051122e-03 4.953998e-11 4.957121e-17
2.919281e+07 1.051122e-03 8.536234e-10 3.327179e-15
5.080838e+06 1.051122e-03 6.420992e-09 1.034281e-13
1.146904e+06 1.051122e-03 1.504902e-08 5.494391e-13
2.818273e+05 1.051122e-03 2.199495e-08 1.402747e-12
2.968918e+08 1.010326e-03 6.836154e-15 6.952921e-26
2.921114e+08 1.010326e-03 7.569734e-15 9.857959e-26
2.894671e+08 1.010326e-03 7.898547e-15 1.209028e-25
2.892227e+08 1.010326e-03 7.965113e-15 1.306204e-25
2.789098e+08 1.010326e-03 8.903151e-15 2.279931e-25
2.779912e+08 1.010326e-03 1.234905e-14 2.981323e-24
2.689269e+08 1.010326e-03 1.439727e-13 6.730164e-22
2.167408e+08 1.010326e-03 5.259305e-12 1.840173e-19
8.873071e+07 1.010326e-03 5.541016e-11 1.574634e-17
1.565535e+07 1.010326e-03 3.384085e-10 9.125314e-16
2.274210e+06 1.010326e-03 1.350721e-09 1.567327e-14
3.708857e+05 1.010326e-03 5.913207e-09 1.370658e-13
7.601354e+04 1.010326e-03 1.618354e-08 5.821553e-13
2.949975e+08 1.028076e-03 7.273364e-15 7.422778e-26
2.910526e+08 1.028076e-03 8.080613e-15 1.033043e-25
2.910179e+08 1.028076e-03 8.085498e-15 1.036316e-25
2.909484e+08 1.028076e-03 8.090091e-15 1.040065e-25
2.896037e+08 1.028076e-03 8.397994e-15 1.371466e-25
2.835831e+08 1.028076e-03 9.114938e-15 7.878806e-24
2.830155e+08 1.028076e-03 2.123411e-14 3.859158e-21
2.758474e+08 1.028076e-03 5.618227e-13 1.170072e-18
2.639075e+08 1.028076e-03 1.357768e-11 1.186482e-16
2.075833e+08 1.028076e-03 2.262860e-10 4.380028e-15
8.656381e+07 1.028076e-03 1.702442e-09 6.668105e-14
1.878521e+07 1.028076e-03 4.048129e-09 3.330700e-13
3.367269e+06 1.028076e-03 6.291630e-09 8.709260e-13
2.937427e+08 9.974627e-04 6.662135e-15 6.627357e-26
2.936977e+08 9.974627e-04 6.675808e-15 6.721119e-26
2.931170e+08 9.974627e-04 6.755451e-15 7.093085e-26
2.921868e+08 9.974627e-04 7.085661e-15 9.897019e-26
2.897447e+08 9.974627e-04 7.852799e-15 2.631573e-25
2.726031e+08 9.974627e-04 1.625634e-14 1.956189e-23
2.644698e+08 9.974627e-04 4.030417e-13 7.556295e-21
2.116352e+08 9.974627e-04 1.877321e-11 2.684384e-18
8.248278e+07 9.974627e-04 1.807707e-10 1.493717e-16
1.539190e+07 9.974627e-04 7.205240e-10 5.810870e-15
2.419964e+06 9.974627e-04 2.440490e-09 6.027683e-14
4.472220e+05 9.974627e-04 5.356076e-09 2.813882e-13
8.872375e+04 9.974627e-04 9.263589e-09 8.549009e-13
2.931596e+08 1.012031e-03 6.788710e-15 6.736415e-26
2.775280e+08 1.012031e-03 7.109516e-15 7.278752e-26
2.765349e+08 1.012031e-03 7.378844e-15 8.676641e-26
2.742041e+08 1.012031e-03 7.502373e-15 9.488232e-26
2.737928e+08 1.012031e-03 7.893536e-15 1.226178e-24
2.725356e+08 1.012031e-03 2.153074e-14 5.331186e-22
2.703382e+08 1.012031e-03 8.444916e-13 2.597303e-19
2.353399e+08 1.012031e-03 3.541958e-11 7.125862e-17
1.911855e+08 1.012031e-03 7.015940e-10 6.154559e-15
9.030519e+07 1.012031e-03 5.791234e-09 1.418310e-13
2.591269e+07 1.012031e-03 2.035790e-08 9.552138e-13
7.263407e+06 1.012031e-03 4.030481e-08 2.724221e-12
2.320752e+06 1.012031e-03 6.917928e-08 6.200842e-12
3.066068e+08 1.083494e-03 7.352906e-15 7.310589e-26
2.994881e+08 1.083494e-03 7.696482e-15 9.127970e-26
2.985214e+08 1.083494e-03 7.831208e-15 9.808882e-26
2.735837e+08 1.083494e-03 1.019457e-14 3.169768e-25
2.716899e+08 1.083494e-03 1.992221e-14 8.046205e-23
2.657685e+08 1.083494e-03 7.097612e-13 5.684329e-20
2.455044e+08 1.083494e-03 4.258863e-11 2.715329e-17
1.768373e+08 1.083494e-03 1.060937e-09 3.377709e-15
7.346302e+07 1.083494e-03 5.481906e-09 3.968418e-14
1.987562e+07 1.083494e-03 9.491966e-09 9.041954e-14
4.547297e+06 1.083494e-03 1.078130e-08 1.094552e-13
1.027219e+06 1.083494e-03 1.113048e-08 1.148171e-13
2.387681e+05 1.083494e-03 1.125010e-08 1.181939e-13
2.859499e+08 9.977290e-04 7.008968e-15 7.341163e-26
2.826164e+08 9.977290e-04 7.753058e-15 1.002517e-25
2.824410e+08 9.977290e-04 7.846550e-15 1.072358e-25
2.810566e+08 9.977290e-04 8.156678e-15 1.296828e-25
2.673276e+08 9.977290e-04 1.022006e-14 2.555793e-25
2.641324e+08 9.977290e-04 1.279120e-14 6.785571e-25
2.494534e+08 9.977290e-04 6.493396e-14 6.180988e-23
1.886637e+08 9.977290e-04 1.188993e-12 7.851527e-21
7.356258e+07 9.977290e-04 1.393405e-11 1.280572e-18
1.343531e+07 9.977290e-04 3.522472e-10 5.552237e-16
2.210594e+06 9.977290e-04 3.164121e-09 1.569483e-14
4.697783e+05 9.977290e-04 6.228026e-09 4.898980e-14
1.122056e+05 9.977290e-04 7.746151e-09 1.033375e-13
2.895810e+08 1.010670e-03 7.180729e-15 7.498030e-26
2.894226e+08 1.010670e-03 7.212073e-15 7.670219e-26
2.893958e+08 1.010670e-03 7.231124e-15 7.815952e-26
2.881712e+08 1.010670e-03 7.371142e-15 8.591977e-26
2.827552e+08 1.010670e-03 8.436282e-15 1.260191e-25
2.718293e+08 1.010670e-03 1.010843e-14 2.117140e-25
2.701903e+08 1.010670e-03 1.158888e-14 1.791253e-24
2.601563e+08 1.010670e-03 7.861408e-14 7.883158e-22
2.253618e+08 1.010670e-03 3.823608e-12 4.460745e-19
1.124666e+08 1.010670e-03 9.942064e-11 6.706586e-17
2.373458e+07 1.010670e-03 5.951384e-10 4.421365e-15
3.518620e+06 1.010670e-03 3.169528e-09 9.759476e-14
5.752053e+05 1.010670e-03 1.193225e-08 7.535361e-13
3.048276e+08 1.006730e-03 6.668909e-15 6.624843e-26
2.911145e+08 1.006730e-03 7.543187e-15 8.719775e-26
2.907922e+08 1.006730e-03 7.593691e-15 8.972633e-26
2.906286e+08 1.006730e-03 7.625358e-15 9.260645e-26
2.899230e+08 1.006730e-03 7.827668e-15 1.104296e-25
2.838686e+08 1.006730e-03 8.371425e-15 2.458570e-25
2.793889e+08 1.006730e-03 1.634702e-14 1.668006e-23
2.670156e+08 1.006730e-03 3.728607e-13 6.345401e-21
2.064293e+08 1.006730e-03 1.689890e-11 1.918082e-18
7.953041e+07 1.006730e-03 2.037073e-10 1.462010e-16
1.416229e+07 1.006730e-03 7.480887e-10 5.387426e-15
2.044091e+06 1.006730e-03 2.827363e-09 8.918609e-14
3.219495e+05 1.006730e-03 1.063032e-08 7.685493e-13
2.954244e+08 9.969823e-04 6.802725e-15 7.026490e-26
2.775171e+08 9.969823e-04 8.386883e-15 1.111110e-25
2.771920e+08 9.969823e-04 8.620358e-15 1.415597e-25
2.659948e+08 9.969823e-04 9.555955e-15 2.691971e-25
2.532673e+08 9.969823e-04 1.551238e-14 3.360661e-24
2.345438e+08 9.969823e-04 2.260053e-13 5.810033e-22
1.559643e+08 9.969823e-04 5.055686e-12 6.496599e-20
4.340410e+07 9.969823e-04 3.079622e-11 1.545046e-18
6.959628e+06 9.969823e-04 8.078645e-11 2.381391e-17
9.901019e+05 9.969823e-04 5.038021e-10 8.936600e-16
1.447338e+05 9.969823e-04 2.115629e-09 1.620542e-14
2.888232e+04 9.969823e-04 7.491470e-09 1.668179e-13
6.485511e+03 9.969823e-04 1.418328e-08 5.827872e-13
2.963799e+08 9.869681e-04 6.427620e-15 6.320908e-26
2.942797e+08 9.869681e-04 6.764594e-15 7.808193e-26
2.927400e+08 9.869681e-04 7.221963e-15 1.087793e-25
2.876458e+08 9.869681e-04 9.527396e-15 2.719292e-25
2.860776e+08 9.869681e-04 1.060282e-14 4.169151e-25
2.793812e+08 9.869681e-04 1.447762e-14 2.102492e-24
2.651157e+08 9.869681e-04 5.268433e-14 4.835623e-22
2.283126e+08 9.869681e-04 1.724146e-12 2.411089e-19
1.048794e+08 9.869681e-04 6.747017e-11 4.799536e-17
2.219799e+07 9.869681e-04 8.570880e-10 3.089878e-15
4.156149e+06 9.869681e-04 7.952299e-09 1.029590e-13
1.000183e+06 9.869681e-04 1.355237e-08 2.295332e-13
2.987064e+05 9.869681e-04 2.803373e-08 9.631282e-13
2.880397e+08 9.579730e-04 6.375052e-15 6.375068e-26
2.879238e+08 9.579730e-04 6.404535e-15 6.551098e-26
2.877696e+08 9.579730e-04 6.437735e-15 6.798679e-26
2.863830e+08 9.579730e-04 6.777959e-15 9.016095e-26
2.861475e+08 9.579730e-04 6.990322e-15 1.990264e-25
2.856672e+08 9.579730e-04 1.091959e-14 1.747830e-23
2.786052e+08 9.579730e-04 1.906792e-13 5.506924e-21
2.635401e+08 9.579730e-04 8.496128e-12 1.736369e-18
2.097702e+08 9.579730e-04 2.282001e-10 2.417970e-16
9.912117e+07 9.579730e-04 1.690145e-09 4.874658e-15
2.879651e+07 9.579730e-04 3.564052e-09 1.494438e-14
6.917037e+06 9.579730e-04 4.279697e-09 1.966480e-14
1.585000e+06 9.579730e-04 4.973141e-09 4.168099e-14
2.972553e+08 1.029292e-03 7.039120e-15 7.059229e-26
2.939919e+08 1.029292e-03 7.516448e-15 8.848903e-26
2.872195e+08 1.029292e-03 7.861947e-15 9.807238e-26
2.871262e+08 1.029292e-03 7.919835e-15 1.153098e-25
2.835675e+08 1.029292e-03 8.560423e-15 6.337492e-24
2.826551e+08 1.029292e-03 1.877648e-14 3.025723e-21
2.800492e+08 1.029292e-03 4.843665e-13 9.169276e-19
2.741237e+08 1.029292e-03 1.324650e-11 9.406132e-17
2.494855e+08 1.029292e-03 2.593571e-10 3.634987e-15
1.593536e+08 1.029292e-03 2.890417e-09 6.291288e-14
5.846439e+07 1.029292e-03 1.381711e-08 4.707278e-13
1.791157e+07 1.029292e-03 3.212827e-08 1.934799e-12
5.873639e+06 1.029292e-03 4.498152e-08 2.970088e-12
2.873811e+08 9.843295e-04 6.966731e-15 7.367821e-26
2.873228e+08 9.843295e-04 6.992971e-15 7.571195e-26
2.866712e+08 9.843295e-04 7.066066e-15 7.943666e-26
2.863299e+08 9.843295e-04 7.211974e-15 8.830855e-26
2.862535e+08 9.843295e-04 7.263731e-15 9.750278e-26
2.854998e+08 9.843295e-04 7.588348e-15 8.668553e-25
2.797693e+08 9.843295e-04 1.380530e-14 3.144717e-22
2.761098e+08 9.843295e-04 2.790952e-13 1.127458e-19
2.585032e+08 9.843295e-04 1.106697e-11 2.026535e-17
1.747900e+08 9.843295e-04 2.690776e-10 1.092011e-15
6.053203e+07 9.843295e-04 2.379613e-09 2.123125e-14
1.476291e+07 9.843295e-04 6.497202e-09 1.416530e-13
3.483530e+06 9.843295e-04 8.462100e-09 2.520555e-13
2.899817e+08 1.013227e-03 7.127649e-15 7.361895e-26
2.757689e+08 1.013227e-03 7.791267e-15 8.894438e-26
2.755626e+08 1.013227e-03 7.877418e-15 9.511339e-26
2.744788e+08 1.013227e-03 7.976947e-15 2.349615e-25
2.560587e+08 1.013227e-03 1.073636e-14 6.634048e-23
2.475698e+08 1.013227e-03 1.371073e-13 3.239349e-20
2.442146e+08 1.013227e-03 6.000603e-12 1.032255e-17
2.310128e+08 1.013227e-03 1.340601e-10 1.056636e-15
1.779590e+08 1.013227e-03 1.696457e-09 4.363215e-14
8.062638e+07 1.013227e-03 7.999137e-09 4.066339e-13
2.111783e+07 1.013227e-03 2.141232e-08 1.884339e-12
5.448501e+06 1.013227e-03 4.036524e-08 5.259139e-12
1.474713e+06 1.013227e-03 6.443617e-08 1.104298e-11
3.053110e+08 1.043778e-03 6.975476e-15 6.823960e-26
3.052932e+08 1.043778e-03 6.983879e-15 6.886303e-26
3.045411e+08 1.043778e-03 7.112167e-15 7.543512e-26
3.038815e+08 1.043778e-03 7.262309e-15 8.771929e-26
3.031196e+08 1.043778e-03 7.631822e-15 5.029062e-25
3.023399e+08 1.043778e-03 1.860160e-14 2.124878e-22
2.973798e+08 1.043778e-03 7.195004e-13 1.102398e-19
2.737589e+08 1.043778e-03 3.991011e-11 4.204988e-17
1.823308e+08 1.043778e-03 9.343648e-10 4.432705e-15
6.374787e+07 1.043778e-03 6.936575e-09 1.171786e-13
1.661511e+07 1.043778e-03 1.873350e-08 8.381538e-13
4.441361e+06 1.043778e-03 2.770585e-08 1.732409e-12
1.275693e+06 1.043778e-03 3.731864e-08 3.670095e-12
2.905958e+08 9.804474e-04 6.571076e-15 6.664372e-26
2.666139e+08 9.804474e-04 7.325858e-15 8.438550e-26
2.663026e+08 9.804474e-04 7.484987e-15 9.631557e-26
2.646380e+08 9.804474e-04 7.793015e-15 1.128858e-25
2.642073e+08 9.804474e-04 7.979896e-15 1.386318e-25
2.602832e+08 9.804474e-04 8.671593e-15 9.119386e-25
2.587733e+08 9.804474e-04 3.646563e-14 3.199555e-22
2.452847e+08 9.804474e-04 1.387049e-12 1.142781e-19
1.855505e+08 9.804474e-04 5.980139e-11 5.252776e-17
7.002184e+07 9.804474e-04 7.205073e-10 3.587414e-15
1.380740e+07 9.804474e-04 4.400858e-09 8.267853e-14
2.918308e+06 9.804474e-04 1.449033e-08 5.277912e-13
7.353193e+05 9.804474e-04 3.645265e-08 2.219386e-12
2.919188e+08 9.908593e-04 6.691208e-15 6.720012e-26
2.851751e+08 9.908593e-04 7.342275e-15 8.404163e-26
2.722984e+08 9.908593e-04 8.750533e-15 1.290681e-25
2.657401e+08 9.908593e-04 1.087471e-14 2.243254e-25
2.612830e+08 9.908593e-04 1.106260e-14 2.323699e-25
2.487176e+08 9.908593e-04 1.947345e-14 1.502483e-24
2.338829e+08 9.908593e-04 3.030310e-14 3.591767e-22
2.281479e+08 9.908593e-04 4.811834e-13 1.705111e-19
2.071101e+08 9.908593e-04 1.807451e-11 3.793856e-17
1.588456e+08 9.908593e-04 3.815170e-10 2.858425e-15
1.083765e+08 9.908593e-04 3.533251e-09 6.191573e-14
5.342561e+07 9.908593e-04 1.282597e-08 3.615530e-13
2.121838e+07 9.908593e-04 2.286416e-08 8.019940e-13
3.099893e+08 1.055503e-03 7.017489e-15 6.920016e-26
3.033133e+08 1.055503e-03 8.238729e-15 1.120457e-25
2.890214e+08 1.055503e-03 9.390943e-15 1.740432e-25
2.881386e+08 1.055503e-03 1.008533e-14 2.885235e-25
2.797914e+08 1.055503e-03 1.558291e-14 1.808112e-24
2.670141e+08 1.055503e-03 4.041454e-14 2.926568e-22
2.095694e+08 1.055503e-03 2.130122e-12 1.473774e-19
7.149409e+07 1.055503e-03 4.811964e-11 3.049609e-17
1.109633e+07 1.055503e-03 2.313393e-10 1.579034e-15
1.456080e+06 1.055503e-03 1.083121e-09 2.291803e-14
2.035398e+05 1.055503e-03 3.322997e-09 1.640721e-13
3.714688e+04 1.055503e-03 6.638613e-09 3.939114e-13
7.760829e+03 1.055503e-03 1.204083e-08 7.420480e-13
3.029273e+08 1.051572e-03 7.063923e-15 6.908055e-26
2.910115e+08 1.051572e-03 7.195493e-15 7.101119e-26
2.909191e+08 1.051572e-03 7.210989e-15 7.184979e-26
2.894879e+08 1.051572e-03 7.411586e-15 7.962819e-26
2.884372e+08 1.051572e-03 7.565158e-15 1.086094e-25
2.873062e+08 1.051572e-03 8.047330e-15 1.235206e-23
2.824026e+08 1.051572e-03 3.183757e-14 6.218207e-21
2.772863e+08 1.051572e-03 1.216945e-12 2.248993e-18
2.676108e+08 1.051572e-03 3.081097e-11 2.823192e-16
2.247812e+08 1.051572e-03 3.958327e-10 1.140106e-14
1.089850e+08 1.051572e-03 2.553712e-09 1.476676e-13
2.531829e+07 1.051572e-03 7.548725e-09 8.206729e-13
4.480696e+06 1.051572e-03 1.531000e-08 2.738092e-12
2.966158e+08 9.940584e-04 6.667403e-15 6.901141e-26
2.928651e+08 9.940584e-04 7.148708e-15 8.953499e-26
2.896424e+08 9.940584e-04 7.739059e-15 1.110133e-25
2.864154e+08 9.940584e-04 8.155292e-15 1.264055e-25
2.826869e+08 9.940584e-04 9.205630e-15 1.912960e-25
2.717983e+08 9.940584e-04 1.097641e-14 3.265468e-24
2.607468e+08 9.940584e-04 2.570846e-14 1.431448e-21
2.386879e+08 9.940584e-04 5.977897e-13 5.122780e-19
1.578939e+08 9.940584e-04 1.577188e-11 7.387441e-17
4.578554e+07 9.940584e-04 1.928810e-10 3.896557e-15
7.169906e+06 9.940584e-04 1.308982e-09 7.484771e-14
1.028514e+06 9.940584e-04 5.730935e-09 6.820894e-13
1.694749e+05 9.940584e-04 1.837291e-08 3.620314e-12
3.021455e+08 1.033472e-03 6.860218e-15 6.738176e-26
2.969303e+08 1.033472e-03 7.641728e-15 9.312115e-26
2.923692e+08 1.033472e-03 7.911152e-15 1.024778e-25
2.918929e+08 1.033472e-03 8.117143e-15 1.181835e-25
2.866525e+08 1.033472e-03 9.976195e-15 2.450130e-25
2.698755e+08 1.033472e-03 1.127166e-14 3.681459e-25
2.643186e+08 1.033472e-03 1.679647e-14 7.755087e-24
2.464993e+08 1.033472e-03 2.637831e-13 4.338467e-21
1.922451e+08 1.033472e-03 1.301074e-11 2.509093e-18
6.539915e+07 1.033472e-03 3.098530e-10 4.607414e-16
1.050764e+07 1.033472e-03 1.271431e-09 1.104764e-14
1.612139e+06 1.033472e-03 5.257220e-09 1.576105e-13
2.666167e+05 1.033472e-03 1.980576e-08 1.279891e-12
2.956309e+08 9.970409e-04 6.760587e-15 6.797813e-26
2.951655e+08 9.970409e-04 6.787468e-15 6.923786e-26
2.936431e+08 9.970409e-04 7.344011e-15 9.349845e-26
2.895192e+08 9.970409e-04 7.515283e-15 1.042832e-25
2.889635e+08 9.970409e-04 7.723653e-15 1.212692e-25
2.839419e+08 9.970409e-04 8.659219e-15 3.070612e-25
2.778976e+08 9.970409e-04 1.561574e-14 1.012071e-23
2.669155e+08 9.970409e-04 3.409277e-13 3.318662e-21
2.089677e+08 9.970409e-04 1.228452e-11 7.483593e-19
7.827416e+07 9.970409e-04 1.349262e-10 4.798785e-17
1.403262e+07 9.970409e-04 4.541352e-10 2.566828e-15
2.011446e+06 9.970409e-04 2.080770e-09 4.839924e-14
3.253002e+05 9.970409e-04 7.537843e-09 3.270208e-13
3.024440e+08 9.991716e-04 6.429817e-15 6.242697e-26
3.024439e+08 9.991716e-04 6.429883e-15 6.243352e-26
2.945469e+08 9.991716e-04 7.031068e-15 8.004274e-26
2.943094e+08 9.991716e-04 7.153927e-15 9.177951e-26
2.903642e+08 9.991716e-04 8.034421e-15 1.624021e-25
2.899934e+08 9.991716e-04 8.856433e-15 1.235920e-24
2.817680e+08 9.991716e-04 3.416209e-14 3.654976e-22
2.670752e+08 9.991716e-04 1.271754e-12 1.573355e-19
1.890073e+08 9.991716e-04 6.620063e-11 6.238324e-17
6.017204e+07 9.991716e-04 1.051746e-09 3.480037e-15
1.291854e+07 9.991716e-04 5.469972e-09 4.890460e-14
3.012778e+06 9.991716e-04 1.327313e-08 1.964529e-13
8.340126e+05 9.991716e-04 1.489536e-08 2.350790e-13
2.868976e+08 9.572231e-04 6.501560e-15 6.545800e-26
2.868059e+08 9.572231e-04 6.515285e-15 6.621312e-26
2.866784e+08 9.572231e-04 6.555262e-15 6.886840e-26
2.632305e+08 9.572231e-04 7.199076e-15 8.662421e-26
2.606037e+08 9.572231e-04 7.661732e-15 1.144259e-25
2.534252e+08 9.572231e-04 9.395808e-15 9.181389e-25
2.520843e+08 9.572231e-04 2.368839e-14 2.361661e-22
2.438973e+08 9.572231e-04 7.386612e-13 8.750723e-20
2.086171e+08 9.572231e-04 3.212746e-11 2.587623e-17
1.054606e+08 9.572231e-04 6.706322e-10 2.479633e-15
2.723499e+07 9.572231e-04 4.683698e-09 4.607120e-14
6.749351e+06 9.572231e-04 1.139059e-08 1.747352e-13
1.910818e+06 9.572231e-04 1.613685e-08 2.933090e-13
2.952224e+08 1.009002e-03 6.890141e-15 6.989397e-26
2.929097e+08 1.009002e-03 7.556760e-15 9.753527e-26
2.903956e+08 1.009002e-03 8.004241e-15 1.186767e-25
2.880358e+08 1.009002e-03 8.236524e-15 1.421651e-25
2.835748e+08 1.009002e-03 1.125971e-14 2.841589e-24
2.733848e+08 1.009002e-03 5.230278e-14 1.144558e-21
2.678576e+08 1.009002e-03 2.391016e-12 5.616647e-19
2.379022e+08 1.009002e-03 1.018887e-10 1.577888e-16
1.486439e+08 1.009002e-03 1.674728e-09 1.051703e-14
5.198069e+07 1.009002e-03 8.736235e-09 1.254743e-13
1.487597e+07 1.009002e-03 1.717671e-08 3.461436e-13
4.553933e+06 1.009002e-03 2.158726e-08 4.878044e-13
1.390968e+06 1.009002e-03 2.320757e-08 5.438294e-13
2.935712e+08 9.741339e-04 6.480116e-15 6.573767e-26
2.868733e+08 9.741339e-04 7.718792e-15 1.029856e-25
2.864627e+08 9.741339e-04 7.781427e-15 1.068306e-25
2.817934e+08 9.741339e-04 8.250408e-15 1.208510e-25
2.727089e+08 9.741339e-04 9.117714e-15 1.563971e-25
2.690833e+08 9.741339e-04 9.367964e-15 2.054336e-25
2.642806e+08 9.741339e-04 1.026531e-14 1.448308e-23
2.572094e+08 9.741339e-04 3.295411e-14 5.447485e-21
2.501395e+08 9.741339e-04 8.938435e-13 1.211633e-18
2.051288e+08 9.741339e-04 2.550388e-11 1.111423e-16
9.082181e+07 9.741339e-04 4.298941e-10 3.229874e-15
2.007016e+07 9.741339e-04 1.669477e-09 4.295385e-14
3.743547e+06 9.741339e-04 3.118530e-09 2.061593e-13
2.926572e+08 9.928345e-04 6.599442e-15 6.607324e-26
2.926572e+08 9.928345e-04 6.599454e-15 6.607461e-26
2.910752e+08 9.928345e-04 6.925598e-15 7.905492e-26
2.909342e+08 9.928345e-04 6.964441e-15 8.245520e-26
2.904932e+08 9.928345e-04 7.171025e-15 1.335532e-25
2.885394e+08 9.928345e-04 8.885847e-15 1.025704e-23
2.832773e+08 9.928345e-04 6.664054e-14 4.788435e-21
2.529011e+08 9.928345e-04 3.029361e-12 1.950006e-18
1.668120e+08 9.928345e-04 9.420489e-11 3.501182e-16
4.983119e+07 9.928345e-04 1.312157e-09 1.961593e-14
8.982577e+06 9.928345e-04 8.387452e-09 3.250644e-13
1.702507e+06 9.928345e-04 2.750219e-08 1.935684e-12
4.502301e+05 9.928345e-04 5.749304e-08 5.838208e-12
3.065505e+08 1.065924e-03 7.234740e-15 7.046823e-26
2.961991e+08 1.065924e-03 8.488445e-15 1.095485e-25
2.950234e+08 1.065924e-03 8.845931e-15 1.306124e-25
2.943776e+08 1.065924e-03 8.904123e-15 1.350697e-25
2.805633e+08 1.065924e-03 1.130009e-14 2.376661e-25
2.724366e+08 1.065924e-03 1.346350e-14 1.897892e-24
2.497661e+08 1.065924e-03 3.526322e-14 9.588429e-22
2.074983e+08 1.065924e-03 1.173574e-12 5.758901e-19
1.155824e+08 1.065924e-03 5.096936e-11 1.572785e-16
2.457307e+07 1.065924e-03 1.059077e-09 9.232447e-15
3.954114e+06 1.065924e-03 6.689138e-09 1.748139e-13
7.756849e+05 1.065924e-03 1.545136e-08 8.230250e-13
1.739428e+05 1.065924e-03 3.289598e-08 3.119320e-12
2.902296e+08 9.881063e-04 6.831219e-15 6.940504e-26
2.896061e+08 9.881063e-04 6.933547e-15 7.466033e-26
2.880893e+08 9.881063e-04 7.720342e-15 1.354636e-25
2.839632e+08 9.881063e-04 8.812555e-15 2.461403e-25
2.834416e+08 9.881063e-04 9.213735e-15 3.355404e-25
2.789539e+08 9.881063e-04 1.586890e-14 2.736957e-24
2.663356e+08 9.881063e-04 1.338630e-13 3.780266e-22
2.073630e+08 9.881063e-04 5.137966e-12 1.088668e-19
8.122394e+07 9.881063e-04 4.236603e-11 3.099932e-18
1.451076e+07 9.881063e-04 1.312816e-10 1.651262e-16
2.071531e+06 9.881063e-04 9.790122e-10 1.031070e-14
3.432267e+05 9.881063e-04 4.586256e-09 1.101953e-13
8.011720e+04 9.881063e-04 1.357148e-08 3.056865e-13
2.949247e+08 9.971294e-04 6.579900e-15 6.424526e-26
2.949026e+08 9.971294e-04 6.585915e-15 6.464920e-26
2.700813e+08 9.971294e-04 7.453761e-15 8.501556e-26
2.699954e+08 9.971294e-04 7.491320e-15 8.805675e-26
2.696225e+08 9.971294e-04 7.653292e-15 1.126664e-25
2.555275e+08 9.971294e-04 9.509757e-15 3.662637e-24
2.460374e+08 9.971294e-04 7.795879e-14 1.504474e-21
2.399080e+08 9.971294e-04 4.226783e-12 7.182980e-19
2.000388e+08 9.971294e-04 1.555212e-10 1.575283e-16
1.136403e+08 9.971294e-04 1.628120e-09 5.244376e-15
3.767053e+07 9.971294e-04 4.291067e-09 2.228945e-14
9.398388e+06 9.971294e-04 5.597964e-09 3.316377e-14
2.132831e+06 9.971294e-04 5.955331e-09 3.637528e-14
3.044119e+08 1.016659e-03 6.745487e-15 6.734113e-26
3.043665e+08 1.016659e-03 6.752730e-15 6.796937e-26
3.033479e+08 1.016659e-03 6.977977e-15 7.910471e-26
3.031420e+08 1.016659e-03 7.092669e-15 1.299671e-25
3.019153e+08 1.016659e-03 1.163779e-14 1.089551e-23
2.961613e+08 1.016659e-03 2.558000e-13 4.217259e-21
2.674093e+08 1.016659e-03 1.355756e-11 1.701121e-18
1.505679e+08 1.016659e-03 2.762793e-10 1.566054e-16
3.638337e+07 1.016659e-03 9.080659e-10 9.332198e-16
6.010055e+06 1.016659e-03 1.157363e-09 1.361268e-15
9.464871e+05 1.016659e-03 1.240307e-09 1.860271e-15
1.473491e+05 1.016659e-03 1.468390e-09 4.817978e-15
2.399438e+04 1.016659e-03 2.316101e-09 2.861446e-14
2.918702e+08 9.526130e-04 6.309598e-15 6.355890e-26
2.877520e+08 9.526130e-04 6.659767e-15 7.489176e-26
2.873174e+08 9.526130e-04 6.747189e-15 7.913423e-26
2.783920e+08 9.526130e-04 7.409229e-15 1.012102e-25
2.754360e+08 9.526130e-04 7.761062e-15 1.242487e-25
2.719982e+08 9.526130e-04 9.019620e-15 1.065792e-24
2.704410e+08 9.526130e-04 1.507209e-14 2.829119e-22
2.622709e+08 9.526130e-04 2.567345e-13 7.833843e-20
2.338765e+08 9.526130e-04 9.928925e-12 1.214684e-17
1.341612e+08 9.526130e-04 2.447643e-10 1.027631e-15
3.795579e+07 9.526130e-04 2.714625e-09 3.352437e-14
8.384312e+06 9.526130e-04 1.177086e-08 2.902050e-13
2.257206e+06 9.526130e-04 2.332930e-08 7.855876e-13
3.051962e+08 1.035766e-03 6.794583e-15 6.603654e-26
3.024310e+08 1.035766e-03 6.963359e-15 7.331243e-26
3.015537e+08 1.035766e-03 7.297899e-15 9.941410e-26
2.985091e+08 1.035766e-03 7.646488e-15 1.292608e-25
2.978117e+08 1.035766e-03 8.262624e-15 4.636324e-25
2.939971e+08 1.035766e-03 2.802205e-14 1.141108e-22
2.805727e+08 1.035766e-03 1.238732e-12 5.944607e-20
2.199722e+08 1.035766e-03 6.197937e-11 2.135189e-17
8.715903e+07 1.035766e-03 1.171080e-09 2.503288e-15
1.908302e+07 1.035766e-03 2.519038e-09 7.699385e-15
3.635565e+06 1.035766e-03 4.624965e-09 2.656289e-14
7.641832e+05 1.035766e-03 9.013954e-09 1.094538e-13
1.929306e+05 1.035766e-03 1.208581e-08 1.595218e-13
2.950458e+08 9.862109e-04 6.561371e-15 6.610962e-26
2.832075e+08 9.862109e-04 9.614352e-15 2.329901e-25
2.790789e+08 9.862109e-04 1.117472e-14 3.521903e-25
2.712483e+08 9.862109e-04 1.398825e-14 6.101176e-25
2.497880e+08 9.862109e-04 1.982944e-14 1.280976e-24
2.293344e+08 9.862109e-04 2.686254e-14 9.854722e-24
2.047759e+08 9.862109e-04 1.051637e-13 3.875412e-21
1.816403e+08 9.862109e-04 3.285601e-12 1.683021e-18
1.156936e+08 9.862109e-04 1.153090e-10 3.193949e-16
4.498756e+07 9.862109e-04 1.699507e-09 1.649414e-14
1.035942e+07 9.862109e-04 8.662800e-09 1.900613e-13
2.551786e+06 9.862109e-04 2.362245e-08 8.774410e-13
7.530771e+05 9.862109e-04 3.628022e-08 1.671421e-12
3.010980e+08 1.021402e-03 7.024052e-15 7.106381e-26
2.932138e+08 1.021402e-03 7.104359e-15 7.246469e-26
2.904101e+08 1.021402e-03 7.568694e-15 9.599566e-26
2.885670e+08 1.021402e-03 7.965215e-15 1.226492e-25
2.780065e+08 1.021402e-03 1.059645e-14 4.197841e-25
2.558732e+08 1.021402e-03 1.790203e-14 5.002151e-23
2.344179e+08 1.021402e-03 1.571697e-13 2.397843e-20
2.113533e+08 1.021402e-03 7.393329e-12 6.569183e-18
1.528136e+08 1.021402e-03 2.352156e-10 6.089678e-16
5.813018e+07 1.021402e-03 2.461719e-09 1.788658e-14
1.365400e+07 1.021402e-03 6.041039e-09 9.657613e-14
2.994988e+06 1.021402e-03 9.229899e-09 4.026851e-13
6.580595e+05 1.021402e-03 1.349212e-08 1.106562e-12
3.017218e+08 9.649736e-04 6.235308e-15 6.295991e-26
3.003435e+08 9.649736e-04 6.281112e-15 6.471820e-26
2.990085e+08 9.649736e-04 6.328090e-15 6.665580e-26
2.982527e+08 9.649736e-04 6.560575e-15 8.024042e-26
2.941168e+08 9.649736e-04 7.415308e-15 5.848833e-25
2.896410e+08 9.649736e-04 1.464472e-14 1.748932e-22
2.818373e+08 9.649736e-04 3.722564e-13 6.481605e-20
2.776881e+08 9.649736e-04 1.511874e-11 1.735148e-17
2.579003e+08 9.649736e-04 3.267840e-10 1.743848e-15
2.131013e+08 9.649736e-04 3.250736e-09 5.461944e-14
1.452372e+08 9.649736e-04 1.441208e-08 5.082989e-13
8.177135e+07 9.649736e-04 3.290947e-08 1.747851e-12
3.986533e+07 9.649736e-04 4.970842e-08 3.236298e-12
2.908235e+08 9.610343e-04 6.485002e-15 6.575245e-26
2.659261e+08 9.610343e-04 7.713213e-15 9.661749e-26
2.525258e+08 9.610343e-04 8.129629e-15 1.081753e-25
2.467337e+08 9.610343e-04 8.985743e-15 1.393620e-25
2.404164e+08 9.610343e-04 1.000411e-14 2.280462e-25
2.337518e+08 9.610343e-04 1.251686e-14 5.750759e-24
2.156902e+08 9.610343e-04 6.672720e-14 2.028055e-21
2.074466e+08 9.610343e-04 2.595782e-12 7.494788e-19
1.633194e+08 9.610343e-04 9.229273e-11 1.610123e-16
6.795813e+07 9.610343e-04 1.439337e-09 9.953245e-15
1.683818e+07 9.610343e-04 7.888427e-09 1.278808e-13
4.517299e+06 9.610343e-04 1.817920e-08 4.494400e-13
1.405410e+06 9.610343e-04 2.543068e-08 7.433437e-13
3.014624e+08 9.912068e-04 6.454290e-15 6.344604e-26
3.007765e+08 9.912068e-04 6.504781e-15 6.549399e-26
2.999453e+08 9.912068e-04 6.683693e-15 7.461548e-26
2.995483e+08 9.912068e-04 6.881439e-15 8.779131e-26
2.836908e+08 9.912068e-04 7.898527e-15 2.989327e-25
2.831990e+08 9.912068e-04 8.801056e-15 8.307987e-23
2.807183e+08 9.912068e-04 5.166870e-14 3.088588e-20
2.769717e+08 9.912068e-04 1.310800e-12 5.146538e-18
2.681749e+08 9.912068e-04 2.165294e-11 3.207954e-16
2.269662e+08 9.912068e-04 2.318974e-10 7.571730e-15
1.182117e+08 9.912068e-04 1.800751e-09 7.965860e-14
3.284442e+07 9.912068e-04 1.363831e-08 6.464009e-13
8.682751e+06 9.912068e-04 2.728295e-08 1.650176e-12
3.014726e+08 1.014351e-03 6.906800e-15 7.069439e-26
3.014567e+08 1.014351e-03 6.914780e-15 7.128359e-26
2.673042e+08 1.014351e-03 8.171300e-15 1.040810e-25
2.669354e+08 1.014351e-03 8.340516e-15 1.206687e-25
2.631209e+08 1.014351e-03 9.524919e-15 7.490776e-25
2.554029e+08 1.014351e-03 4.651101e-14 2.252254e-22
2.404545e+08 1.014351e-03 2.272785e-12 1.110761e-19
1.797254e+08 1.014351e-03 8.184026e-11 2.438791e-17
6.132548e+07 1.014351e-03 5.889602e-10 4.959203e-16
1.081846e+07 1.014351e-03 9.912046e-10 2.452241e-15
1.756666e+06 1.014351e-03 1.210300e-09 1.457152e-14
2.628513e+05 1.014351e-03 1.739640e-09 7.120363e-14
4.484805e+04 1.014351e-03 6.537729e-09 2.849489e-13
2.925463e+08 9.849076e-04 6.542554e-15 6.514197e-26
2.799974e+08 9.849076e-04 7.409725e-15 9.236641e-26
2.793307e+08 9.849076e-04 7.593917e-15 1.065204e-25
2.761975e+08 9.849076e-04 8.746948e-15 2.144961e-25
2.747296e+08 9.849076e-04 9.949291e-15 4.079179e-25
2.648417e+08 9.849076e-04 1.691117e-14 3.792564e-24
2.464498e+08 9.849076e-04 1.298359e-13 8.129319e-22
1.682264e+08 9.849076e-04 4.959069e-12 3.420851e-19
5.019823e+07 9.849076e-04 8.008473e-11 1.085231e-16
8.297911e+06 9.849076e-04 9.884211e-10 8.143640e-15
1.373427e+06 9.849076e-04 6.455894e-09 1.467220e-13
2.985930e+05 9.849076e-04 1.920270e-08 7.665164e-13
7.819636e+04 9.849076e-04 2.854924e-08 1.406464e-12
2.916754e+08 9.810675e-04 6.517812e-15 6.442714e-26
2.911160e+08 9.810675e-04 6.713205e-15 7.471576e-26
2.893968e+08 9.810675e-04 7.361514e-15 1.188874e-25
2.702921e+08 9.810675e-04 1.029015e-14 3.867919e-25
2.504024e+08 9.810675e-04 1.831853e-14 1.793595e-24
2.109758e+08 9.810675e-04 1.162228e-13 7.960376e-23
1.240224e+08 9.810675e-04 1.040914e-12 7.405832e-21
3.379562e+07 9.810675e-04 4.248034e-12 1.740852e-18
5.814318e+06 9.810675e-04 3.250608e-11 1.797120e-16
8.256014e+05 9.810675e-04 5.280413e-10 4.721810e-15
1.265767e+05 9.810675e-04 1.903705e-09 4.313153e-14
2.434148e+04 9.810675e-04 3.924611e-09 2.748036e-13
4.985725e+03 9.810675e-04 6.181827e-09 7.248537e-13
2.954232e+08 1.007587e-03 6.966073e-15 7.251681e-26
2.951941e+08 1.007587e-03 7.001853e-15 7.444788e-26
2.892774e+08 1.007587e-03 7.381148e-15 8.459490e-26
2.892445e+08 1.007587e-03 7.394468e-15 8.579757e-26
2.887501e+08 1.007587e-03 7.582408e-15 9.831664e-26
2.877300e+08 1.007587e-03 7.966916e-15 1.392896e-25
2.866061e+08 1.007587e-03 9.125842e-15 1.627426e-24
2.830796e+08 1.007587e-03 2.026888e-14 6.548446e-22
2.605774e+08 1.007587e-03 4.541417e-13 2.325256e-19
1.791874e+08 1.007587e-03 1.527587e-11 3.446103e-17
5.508737e+07 1.007587e-03 2.409336e-10 1.629140e-15
8.894687e+06 1.007587e-03 9.151234e-10 2.193284e-14
1.408747e+06 1.007587e-03 2.686483e-09 1.193445e-13
2.999676e+08 9.992779e-04 6.500209e-15 6.445618e-26
2.946303e+08 9.992779e-04 7.115477e-15 8.408232e-26
2.882145e+08 9.992779e-04 8.535633e-15 1.471102e-25
2.866719e+08 9.992779e-04 8.685830e-15 1.526397e-25
2.681903e+08 9.992779e-04 1.037285e-14 2.627515e-25
2.632840e+08 9.992779e-04 1.184514e-14 1.476809e-23
2.598560e+08 9.992779e-04 4.945955e-14 7.153634e-21
2.470490e+08 9.992779e-04 1.852909e-12 2.406851e-18
2.172553e+08 9.992779e-04 4.702850e-11 3.011994e-16
1.369756e+08 9.992779e-04 6.201978e-10 1.336310e-14
3.742855e+07 9.992779e-04 3.658302e-09 1.897823e-13
6.805649e+06 9.992779e-04 1.217156e-08 1.118870e-12
1.292400e+06 9.992779e-04 2.864901e-08 3.623245e-12
3.002651e+08 1.024617e-03 6.748390e-15 6.466176e-26
2.861483e+08 1.024617e-03 6.970636e-15 7.308758e-26
2.859151e+08 1.024617e-03 7.150272e-15 9.757960e-26
2.833622e+08 1.024617e-03 7.654530e-15 1.350828e-25
2.827363e+08 1.024617e-03 8.039548e-15 3.739301e-25
2.742204e+08 1.024617e-03 1.697618e-14 7.711995e-23
2.676732e+08 1.024617e-03 5.751778e-13 4.324340e-20
2.386563e+08 1.024617e-03 3.203548e-11 1.855080e-17
1.465161e+08 1.024617e-03 7.818040e-10 2.232718e-15
4.711098e+07 1.024617e-03 4.599864e-09 3.185523e-14
1.162304e+07 1.024617e-03 8.872299e-09 8.530083e-14
2.811537e+06 1.024617e-03 1.041493e-08 1.084796e-13
6.979969e+05 1.024617e-03 1.072393e-08 1.133585e-13
2.896729e+08 9.843078e-04 6.832395e-15 7.061881e-26
2.895040e+08 9.843078e-04 6.851667e-15 7.147393e-26
2.850539e+08 9.843078e-04 7.592981e-15 1.022057e-25
2.815423e+08 9.843078e-04 8.351515e-15 1.378094e-25
2.672718e+08 9.843078e-04 1.023240e-14 2.499912e-25
2.634409e+08 9.843078e-04 1.048501e-14 2.684826e-25
2.421231e+08 9.843078e-04 1.464916e-14 8.739882e-25
2.343077e+08 9.843078e-04 1.972746e-14 1.355700e-22
2.212115e+08 9.843078e-04 1.637112e-13 5.859917e-20
2.004402e+08 9.843078e-04 5.167777e-12 1.303982e-17
1.613855e+08 9.843078e-04 9.702481e-11 1.060468e-15
1.159348e+08 9.843078e-04 9.643442e-10 3.124392e-14
4.078382e+07 9.843078e-04 5.323040e-09 3.373557e-13
